idx,og Index,data (B),bandwidth (GB/s)
0,4,16384,4.530973451327434
1,5,16384,4.53222683264177
2,6,16384,5.171717171717172
3,7,16384,4.7407407407407405
4,12,16384,4.571428571428571
5,13,16384,4.571428571428571
6,14,16384,5.019607843137255
7,15,16384,4.923076923076923
8,20,16384,4.491228070175438
9,21,16384,4.491228070175438
10,22,16384,5.069306930693069
11,23,16384,5.019607843137255
12,28,16384,4.571428571428571
13,29,16384,4.530973451327434
14,30,16384,5.171717171717172
15,31,16384,5.171717171717172
16,36,16384,4.571428571428571
17,37,16384,4.530973451327434
18,38,16384,4.612612612612613
19,39,16384,5.171717171717172
20,44,16384,4.571428571428571
21,45,16384,4.571428571428571
22,46,16384,5.12
23,47,16384,4.970873786407767
24,52,16384,4.612612612612613
25,53,16384,4.571428571428571
26,54,16384,5.22615629984051
27,55,16384,5.12
28,60,16384,4.491228070175438
29,61,16384,4.231404958677686
30,62,16384,5.171717171717172
31,63,16384,5.067738942158986
32,68,16384,4.570153417015342
33,69,16384,4.491228070175438
34,70,16384,5.171717171717172
35,71,16384,5.069306930693069
36,76,16384,4.491228070175438
37,77,16384,4.612612612612613
38,78,16384,5.171717171717172
39,79,16384,5.019607843137255
40,84,16384,4.231404958677686
41,85,16384,4.530973451327434
42,86,16384,5.224489795918367
43,87,16384,4.697247706422019
44,92,16384,4.489997259523157
45,93,16384,4.413793103448276
46,94,16384,5.17335017366593
47,95,16384,4.876190476190477
48,100,16384,4.571428571428571
49,101,16384,4.571428571428571
50,102,16384,5.224489795918367
51,103,16384,4.970873786407767
52,108,16384,4.452173913043478
53,109,16384,4.612612612612613
54,110,16384,5.069306930693069
55,111,16384,5.069306930693069
56,116,16384,4.571428571428571
57,117,16384,4.3760683760683765
58,118,16384,4.413793103448276
59,119,16384,5.069306930693069
60,124,16384,4.452173913043478
61,125,16384,4.654545454545454
62,126,16384,4.571428571428571
63,127,16384,4.7407407407407405
64,132,16384,4.571428571428571
65,133,16384,4.53222683264177
66,134,16384,4.970873786407767
67,135,16384,5.069306930693069
68,140,16384,4.491228070175438
69,141,16384,4.571428571428571
70,142,16384,5.171717171717172
71,143,16384,4.7407407407407405
72,148,16384,4.612612612612613
73,149,16384,4.571428571428571
74,150,16384,5.171717171717172
75,151,16384,5.067738942158986
76,156,16384,4.19672131147541
77,157,16384,4.571428571428571
78,158,16384,5.12
79,159,16384,5.069306930693069
80,164,16384,3.9083969465648853
81,165,16384,4.530973451327434
82,166,16384,5.171717171717172
83,167,16384,5.12
84,172,16384,4.491228070175438
85,173,16384,4.611314382212215
86,174,16384,5.12
87,175,16384,4.785046728971962
88,180,16384,4.571428571428571
89,181,16384,4.530973451327434
90,182,16384,5.069306930693069
91,183,16384,5.019607843137255
92,188,16384,4.491228070175438
93,189,16384,4.571428571428571
94,190,16384,5.171717171717172
95,191,16384,4.923076923076923
96,196,16384,4.530973451327434
97,197,16384,4.530973451327434
98,198,16384,4.970873786407767
99,199,16384,4.452173913043478
100,204,16384,4.491228070175438
101,205,16384,4.571428571428571
102,206,16384,5.12
103,207,16384,5.069306930693069
104,212,16384,4.611314382212215
105,213,16384,4.530973451327434
106,214,16384,5.224489795918367
107,215,16384,4.970873786407767
108,220,16384,4.452173913043478
109,221,16384,4.3760683760683765
110,222,16384,4.830188679245283
111,223,16384,5.069306930693069
112,228,16384,4.571428571428571
113,229,16384,4.338983050847458
114,230,16384,5.224489795918367
115,231,16384,5.12
116,236,16384,4.491228070175438
117,237,16384,4.4126043630487475
118,238,16384,5.171717171717172
119,239,16384,5.069306930693069
120,244,16384,4.571428571428571
121,245,16384,4.530973451327434
122,246,16384,5.171717171717172
123,247,16384,4.970873786407767
124,252,16384,4.491228070175438
125,253,16384,4.031496062992126
126,254,16384,4.785046728971962
127,255,16384,5.118400499843799
128,260,16384,4.530973451327434
129,261,16384,4.530973451327434
130,262,16384,5.224489795918367
131,263,16384,5.069306930693069
132,268,16384,4.413793103448276
133,269,16384,4.571428571428571
134,270,16384,5.171717171717172
135,271,16384,5.069306930693069
136,276,16384,4.571428571428571
137,277,16384,4.530973451327434
138,278,16384,5.222824354478801
139,279,16384,5.069306930693069
140,280,16384,2.327272727272727
141,281,16384,2.56
142,282,16384,4.612612612612613
143,283,16384,4.571428571428571
144,284,16384,5.224489795918367
145,285,16384,4.923076923076923
146,286,16384,2.0813008130081303
147,287,16384,2.3063063063063063
148,288,16384,2.348287229468253
149,289,16384,2.2755555555555556
150,290,16384,4.4126043630487475
151,291,16384,4.530973451327434
152,292,16384,5.019607843137255
153,293,16384,5.019607843137255
154,294,16384,2.0728744939271255
155,295,16384,2.245614035087719
156,296,16384,2.316742081447964
157,297,16384,2.359447004608295
158,298,16384,4.530973451327434
159,299,16384,4.571428571428571
160,300,16384,4.491228070175438
161,301,16384,4.739369395429563
162,302,16384,2.089795918367347
163,303,16384,2.316742081447964
164,304,16384,2.359447004608295
165,305,16384,2.3486238532110093
166,306,16384,4.491228070175438
167,307,16384,4.53222683264177
168,308,16384,5.069306930693069
169,309,16384,5.12
170,310,16384,2.1069958847736627
171,311,16384,2.3591072714182864
172,312,16384,2.206896551724138
173,313,16384,2.3378995433789953
174,314,16384,4.571428571428571
175,315,16384,4.491228070175438
176,316,16384,5.019607843137255
177,317,16384,5.019607843137255
178,318,16384,2.098360655737705
179,319,16384,2.3486238532110093
180,320,16384,2.370713355520185
181,321,16384,2.3378995433789953
182,322,16384,4.529720763063312
183,323,16384,4.571428571428571
184,324,16384,5.224489795918367
185,325,16384,5.069306930693069
186,326,16384,2.098360655737705
187,327,16384,2.359447004608295
188,328,16384,2.3703703703703702
189,329,16384,2.3164145341439277
190,330,16384,4.611314382212215
191,331,16384,4.571428571428571
192,332,16384,5.171717171717172
193,333,16384,5.019607843137255
194,334,16384,2.089795918367347
195,335,16384,2.3486238532110093
196,336,16384,2.3813953488372093
197,337,16384,2.327272727272727
198,338,16384,4.571428571428571
199,339,16384,4.612612612612613
200,340,16384,4.452173913043478
201,341,16384,5.12
202,342,16384,2.0728744939271255
203,343,16384,2.359447004608295
204,344,16384,2.3703703703703702
205,345,16384,2.3378995433789953
206,346,16384,4.491228070175438
207,347,16384,4.612612612612613
208,348,16384,5.12
209,349,16384,4.7407407407407405
210,350,16384,2.1512605042016806
211,351,16384,2.359447004608295
212,352,16384,2.359447004608295
213,353,16384,2.327272727272727
214,354,16384,4.530973451327434
215,355,16384,4.612612612612613
216,356,16384,4.923076923076923
217,357,16384,5.224489795918367
218,358,16384,2.089795918367347
219,359,16384,2.3703703703703702
220,360,16384,2.3703703703703702
221,361,16384,2.3378995433789953
222,362,16384,4.529720763063312
223,363,16384,4.491228070175438
224,364,16384,5.069306930693069
225,365,16384,5.069306930693069
226,366,16384,2.1422594142259412
227,367,16384,2.359447004608295
228,368,16384,2.3486238532110093
229,369,16384,2.327272727272727
230,370,16384,4.302521008403361
231,371,16384,4.612612612612613
232,372,16384,5.018070444104135
233,373,16384,5.224489795918367
234,374,16384,2.0815652394867232
235,375,16384,2.359447004608295
236,376,16384,2.3813953488372093
237,377,16384,2.3378995433789953
238,378,16384,4.491228070175438
239,379,16384,4.571428571428571
240,380,16384,5.067738942158986
241,381,16384,5.069306930693069
242,382,16384,2.1069958847736627
243,383,16384,2.3489605734767025
244,384,16384,2.2857142857142856
245,385,16384,2.3378995433789953
246,386,16384,4.571428571428571
247,387,16384,4.654545454545454
248,388,16384,5.171717171717172
249,389,16384,5.224489795918367
250,390,16384,2.0562248995983934
251,391,16384,2.3486238532110093
252,392,16384,2.39217404000584
253,393,16384,2.3378995433789953
254,394,16384,4.530973451327434
255,395,16384,4.612612612612613
256,396,16384,5.019607843137255
257,397,16384,4.129032258064516
258,398,16384,2.1069958847736627
259,399,16384,2.3703703703703702
260,400,16384,2.3486238532110093
261,401,16384,2.3375659865886718
262,402,16384,4.571428571428571
263,403,16384,4.096
264,404,16384,5.170085200378669
265,405,16384,5.278350515463917
266,406,16384,2.0728744939271255
267,407,16384,2.3703703703703702
268,408,16384,2.2161504125524143
269,409,16384,2.327272727272727
270,410,16384,4.571428571428571
271,411,16384,4.612612612612613
272,412,16384,5.12
273,413,16384,5.278350515463917
274,414,16384,2.098360655737705
275,415,16384,2.359447004608295
276,416,16384,2.2857142857142856
277,417,16384,2.3378995433789953
278,418,16384,4.571428571428571
279,419,16384,4.612612612612613
280,420,16384,4.969366090385199
281,421,16384,5.224489795918367
282,422,16384,2.098360655737705
283,423,16384,2.2857142857142856
284,424,16384,2.370027484449588
285,425,16384,2.359447004608295
286,426,16384,4.529720763063312
287,427,16384,4.570153417015342
288,428,16384,5.069306930693069
289,429,16384,5.224489795918367
290,430,16384,2.098360655737705
291,431,16384,2.3703703703703702
292,432,16384,2.3703703703703702
293,433,16384,2.3378995433789953
294,434,16384,4.571428571428571
295,435,16384,4.612612612612613
296,436,16384,5.224489795918367
297,437,16384,5.278350515463917
298,438,16384,2.1067249582101066
299,439,16384,2.3703703703703702
300,440,16384,2.3813953488372093
301,441,16384,2.3378995433789953
302,442,16384,4.530973451327434
303,443,16384,4.096
304,444,16384,5.17335017366593
305,445,16384,5.278350515463917
306,446,16384,2.098360655737705
307,447,16384,2.3375659865886718
308,448,16384,2.3486238532110093
309,449,16384,2.3063063063063063
310,450,16384,4.530973451327434
311,451,16384,4.53222683264177
312,452,16384,4.876190476190477
313,453,16384,5.278350515463917
314,454,16384,2.1069958847736627
315,455,16384,2.3378995433789953
316,456,16384,2.381049266095044
317,457,16384,2.3378995433789953
318,458,16384,4.571428571428571
319,459,16384,4.571428571428571
320,460,16384,5.12
321,461,16384,5.278350515463917
322,462,16384,2.1069958847736627
323,463,16384,2.3703703703703702
324,464,16384,2.2755555555555556
325,465,16384,2.3378995433789953
326,466,16384,4.571428571428571
327,467,16384,4.612612612612613
328,468,16384,5.278350515463917
329,469,16384,5.171717171717172
330,470,16384,2.0728744939271255
331,471,16384,2.3486238532110093
332,472,16384,2.370027484449588
333,473,16384,2.316742081447964
334,474,16384,4.53222683264177
335,475,16384,4.612612612612613
336,476,16384,5.069306930693069
337,477,16384,5.12
338,478,16384,2.1422594142259412
339,479,16384,2.392523364485981
340,480,16384,2.3378995433789953
341,481,16384,2.3486238532110093
342,482,16384,4.571428571428571
343,483,16384,4.612612612612613
344,484,16384,5.224489795918367
345,485,16384,5.224489795918367
346,486,16384,2.0980919451914457
347,487,16384,2.359447004608295
348,488,16384,2.3703703703703702
349,489,16384,2.3378995433789953
350,490,16384,4.530973451327434
351,491,16384,4.613911574204449
352,492,16384,4.785046728971962
353,493,16384,5.019607843137255
354,494,16384,2.089795918367347
355,495,16384,2.359447004608295
356,496,16384,2.327272727272727
357,497,16384,2.359447004608295
358,498,16384,4.571428571428571
359,499,16384,4.162601626016261
360,500,16384,5.224489795918367
361,501,16384,5.278350515463917
362,502,16384,2.089795918367347
363,503,16384,2.3486238532110093
364,504,16384,2.3703703703703702
365,505,16384,2.3378995433789953
366,506,16384,4.231404958677686
367,507,16384,4.612612612612613
368,508,16384,5.019607843137255
369,509,16384,5.224489795918367
370,510,16384,2.0728744939271255
371,511,16384,2.3703703703703702
372,512,16384,2.3703703703703702
373,513,16384,2.3378995433789953
374,514,16384,4.302521008403361
375,515,16384,4.612612612612613
376,516,16384,5.170085200378669
377,517,16384,5.224489795918367
378,518,16384,2.098360655737705
379,519,16384,2.2857142857142856
380,520,16384,2.3703703703703702
381,521,16384,2.3063063063063063
382,522,16384,4.3760683760683765
383,523,16384,4.612612612612613
384,524,16384,5.018070444104135
385,525,16384,5.278350515463917
386,526,16384,2.0813008130081303
387,527,16384,1.4026196387295609
388,528,16384,2.3378995433789953
389,529,16384,2.2857142857142856
390,530,16384,4.0624845028514756
391,531,16384,4.338983050847458
392,532,16384,5.171717171717172
393,533,16384,5.12
394,534,16384,2.089795918367347
395,535,16384,2.3378995433789953
396,536,16384,2.359447004608295
397,537,16384,2.3378995433789953
398,538,16384,4.489997259523157
399,539,16384,4.096
400,540,16384,5.069306930693069
401,541,16384,5.224489795918367
402,542,16384,2.089795918367347
403,543,16384,2.3486238532110093
404,544,16384,2.359447004608295
405,545,16384,2.327272727272727
406,546,16384,4.530973451327434
407,547,16384,4.612612612612613
408,548,16384,5.12
409,549,16384,4.697247706422019
410,550,16384,2.0562248995983934
411,551,16384,2.327272727272727
412,552,16384,2.3703703703703702
413,553,16384,2.2555066079295156
414,554,16384,4.530973451327434
415,555,16384,4.613911574204449
416,556,16384,5.070875889817394
417,557,16384,5.224489795918367
418,558,16384,2.0895293967606174
419,559,16384,2.3813953488372093
420,560,16384,2.359447004608295
421,561,16384,2.327272727272727
422,562,16384,4.612612612612613
423,563,16384,4.612612612612613
424,564,16384,5.224489795918367
425,565,16384,5.278350515463917
426,566,16384,2.089795918367347
427,567,16384,2.3269421957108367
428,568,16384,2.3591072714182864
429,569,16384,2.3378995433789953
430,570,16384,4.571428571428571
431,571,16384,4.491228070175438
432,572,16384,4.654545454545454
433,573,16384,5.171717171717172
434,574,16384,2.098360655737705
435,575,16384,2.327272727272727
436,576,16384,2.3164145341439277
437,577,16384,2.359447004608295
438,578,16384,4.571428571428571
439,579,16384,4.03050430504305
440,580,16384,5.224489795918367
441,581,16384,5.069306930693069
442,582,16384,2.1069958847736627
443,583,16384,2.3591072714182864
444,584,16384,2.327272727272727
445,585,16384,2.3378995433789953
446,586,16384,4.530973451327434
447,587,16384,4.413793103448276
448,588,16384,5.12
449,589,16384,4.698594780613708
450,590,16384,2.089795918367347
451,591,16384,2.3486238532110093
452,592,16384,2.3486238532110093
453,593,16384,2.3703703703703702
454,594,16384,4.491228070175438
455,595,16384,4.571428571428571
456,596,16384,4.969366090385199
457,597,16384,5.019607843137255
458,598,16384,2.0813008130081303
459,599,16384,2.316742081447964
460,600,16384,2.3813953488372093
461,601,16384,2.359447004608295
462,602,16384,4.571428571428571
463,603,16384,4.53222683264177
464,604,16384,4.970873786407767
465,605,16384,5.224489795918367
466,606,16384,2.089795918367347
467,607,16384,2.3703703703703702
468,608,16384,2.359447004608295
469,609,16384,2.359447004608295
470,610,16384,4.491228070175438
471,611,16384,4.612612612612613
472,612,16384,4.698594780613708
473,613,16384,5.019607843137255
474,614,16384,2.015748031496063
475,615,16384,2.3378995433789953
476,616,16384,2.3378995433789953
477,617,16384,2.327272727272727
478,618,16384,4.530973451327434
479,619,16384,4.529720763063312
480,620,16384,5.12
481,621,16384,4.970873786407767
482,622,16384,2.0813008130081303
483,623,16384,2.4615384615384617
484,624,16384,2.3486238532110093
485,625,16384,2.3378995433789953
486,626,16384,4.491228070175438
487,627,16384,4.571428571428571
488,628,16384,5.224489795918367
489,629,16384,4.970873786407767
490,630,16384,2.089795918367347
491,631,16384,2.3063063063063063
492,632,16384,2.3378995433789953
493,633,16384,2.3378995433789953
494,634,16384,4.530973451327434
495,635,16384,4.4126043630487475
496,636,16384,5.22615629984051
497,637,16384,5.069306930693069
498,638,16384,2.089795918367347
499,639,16384,2.359447004608295
500,640,16384,2.3703703703703702
501,641,16384,2.3486238532110093
502,642,16384,4.571428571428571
503,643,16384,4.571428571428571
504,644,16384,4.970873786407767
505,645,16384,5.12
506,646,16384,2.098360655737705
507,647,16384,2.3486238532110093
508,648,16384,2.3486238532110093
509,649,16384,2.3813953488372093
510,650,16384,4.491228070175438
511,651,16384,4.3760683760683765
512,652,16384,4.785046728971962
513,653,16384,4.970873786407767
514,654,16384,2.178723404255319
515,655,16384,2.3486238532110093
516,656,16384,2.3486238532110093
517,657,16384,2.348287229468253
518,658,16384,4.571428571428571
519,659,16384,4.492459555799287
520,660,16384,4.970873786407767
521,661,16384,5.278350515463917
522,662,16384,2.0726122707147376
523,663,16384,2.359447004608295
524,664,16384,2.3378995433789953
525,665,16384,2.359447004608295
526,666,16384,4.530973451327434
527,667,16384,4.612612612612613
528,668,16384,4.970873786407767
529,669,16384,4.970873786407767
530,670,16384,2.089795918367347
531,671,16384,2.3378995433789953
532,672,16384,2.3378995433789953
533,673,16384,2.3486238532110093
534,674,16384,4.571428571428571
535,675,16384,4.571428571428571
536,676,16384,5.069306930693069
537,677,16384,5.021146184492798
538,678,16384,2.089795918367347
539,679,16384,2.3703703703703702
540,680,16384,2.359447004608295
541,681,16384,2.359447004608295
542,682,16384,4.031496062992126
543,683,16384,4.612612612612613
544,684,16384,5.069306930693069
545,685,16384,5.069306930693069
546,686,16384,2.089795918367347
547,687,16384,2.3382331953760525
548,688,16384,2.3375659865886718
549,689,16384,2.3063063063063063
550,690,16384,4.530973451327434
551,691,16384,4.530973451327434
552,692,16384,5.067738942158986
553,693,16384,4.413793103448276
554,694,16384,2.089795918367347
555,695,16384,2.359447004608295
556,696,16384,2.370027484449588
557,697,16384,2.3486238532110093
558,698,16384,4.266666666666667
559,699,16384,4.612612612612613
560,700,16384,4.970873786407767
561,701,16384,4.302521008403361
562,702,16384,2.0728744939271255
563,703,16384,2.3486238532110093
564,704,16384,2.359447004608295
565,705,16384,2.3375659865886718
566,706,16384,4.530973451327434
567,707,16384,4.129032258064516
568,708,16384,5.019607843137255
569,709,16384,5.069306930693069
570,710,16384,2
571,711,16384,2.3486238532110093
572,712,16384,2.359447004608295
573,713,16384,2.359447004608295
574,714,16384,4.612612612612613
575,715,16384,4.491228070175438
576,716,16384,4.970873786407767
577,717,16384,5.224489795918367
578,718,16384,2.0895293967606174
579,719,16384,2.2755555555555556
580,720,16384,2.3378995433789953
581,721,16384,2.370713355520185
582,722,16384,4.491228070175438
583,723,16384,4.611314382212215
584,724,16384,4.970873786407767
585,725,16384,5.069306930693069
586,726,16384,2.0647763074984247
587,727,16384,2.359447004608295
588,728,16384,2.3486238532110093
589,729,16384,2.3486238532110093
590,730,16384,4.491228070175438
591,731,16384,4.571428571428571
592,732,16384,5.171717171717172
593,733,16384,4.970873786407767
594,734,16384,2.0813008130081303
595,735,16384,2.305981703026038
596,736,16384,2.3486238532110093
597,737,16384,2.295964125560538
598,738,16384,4.452173913043478
599,739,16384,4.3760683760683765
600,740,16384,5.224489795918367
601,741,16384,4.697247706422019
602,742,16384,2.098360655737705
603,743,16384,2.3486238532110093
604,744,16384,2.3486238532110093
605,745,16384,2.3486238532110093
606,746,16384,4.530973451327434
607,747,16384,4.53222683264177
608,748,16384,4.7407407407407405
609,749,16384,5.12
610,750,16384,2.1069958847736627
611,751,16384,2.359447004608295
612,752,16384,2.392523364485981
613,753,16384,2.3703703703703702
614,754,16384,4.530973451327434
615,755,16384,4.063492063492063
616,756,16384,4.970873786407767
617,757,16384,4.923076923076923
618,758,16384,2.089795918367347
619,759,16384,2.348287229468253
620,760,16384,2.3063063063063063
621,761,16384,2.370027484449588
622,762,16384,4.266666666666667
623,763,16384,4.571428571428571
624,764,16384,4.970873786407767
625,765,16384,5.019607843137255
626,766,16384,2.048
627,767,16384,2.3063063063063063
628,768,16384,2.2857142857142856
629,769,16384,2.3486238532110093
630,770,16384,4.572704437622105
631,771,16384,4.530973451327434
632,772,16384,5.069306930693069
633,773,16384,5.224489795918367
634,774,16384,2.089795918367347
635,775,16384,2.3813953488372093
636,776,16384,2.295964125560538
637,777,16384,2.359447004608295
638,778,16384,4.530973451327434
639,779,16384,4.612612612612613
640,780,16384,5.067738942158986
641,781,16384,4.697247706422019
642,782,16384,2.0728744939271255
643,783,16384,2.359447004608295
644,784,16384,2.3486238532110093
645,785,16384,2.327272727272727
646,786,16384,4.571428571428571
647,787,16384,4.571428571428571
648,788,16384,5.12
649,789,16384,4.923076923076923
650,790,16384,1.7066666666666668
651,791,16384,2.316742081447964
652,792,16384,2.2857142857142856
653,793,16384,2.359447004608295
654,794,16384,4.491228070175438
655,795,16384,4.571428571428571
656,796,16384,5.224489795918367
657,797,16384,4.970873786407767
658,798,16384,5.069306930693069
659,799,16384,5.018070444104135
660,800,16384,2.0317460317460316
661,801,16384,2.3378995433789953
662,802,16384,2.3486238532110093
663,803,16384,2.3486238532110093
664,804,16384,4.489997259523157
665,805,16384,4.530973451327434
666,806,16384,5.12
667,807,16384,4.923076923076923
668,808,16384,2.0317460317460316
669,809,16384,2.3486238532110093
670,810,16384,2.3164145341439277
671,811,16384,2.3591072714182864
672,812,16384,4.452173913043478
673,813,16384,4.162601626016261
674,814,16384,5.069306930693069
675,815,16384,4.970873786407767
676,816,16384,2.064256016127
677,817,16384,2.3375659865886718
678,818,16384,2.3486238532110093
679,819,16384,2.359447004608295
680,820,16384,4.452173913043478
681,821,16384,4.571428571428571
682,822,16384,5.018070444104135
683,823,16384,4.876190476190477
684,824,16384,2.0562248995983934
685,825,16384,2.265486725663717
686,826,16384,2.327272727272727
687,827,16384,2.3489605734767025
688,828,16384,4.530973451327434
689,829,16384,4.530973451327434
690,830,16384,5.069306930693069
691,831,16384,4.970873786407767
692,832,16384,2.0895293967606174
693,833,16384,2.359447004608295
694,834,16384,2.359447004608295
695,835,16384,2.327272727272727
696,836,16384,4.571428571428571
697,837,16384,4.571428571428571
698,838,16384,5.224489795918367
699,839,16384,4.830188679245283
700,840,16384,2.098360655737705
701,841,16384,2.392523364485981
702,842,16384,2.359447004608295
703,843,16384,2.370027484449588
704,844,16384,4.570153417015342
705,845,16384,4.612612612612613
706,846,16384,5.278350515463917
707,847,16384,5.278350515463917
708,848,16384,2.089795918367347
709,849,16384,2.370027484449588
710,850,16384,2.3703703703703702
711,851,16384,2.2555066079295156
712,852,16384,4.612612612612613
713,853,16384,4.612612612612613
714,854,16384,5.171717171717172
715,855,16384,5.171717171717172
716,856,16384,2.098360655737705
717,857,16384,2.3703703703703702
718,858,16384,2.359447004608295
719,859,16384,2.2453062902562695
720,860,16384,4.19672131147541
721,861,16384,4.654545454545454
722,862,16384,5.224489795918367
723,863,16384,5.019607843137255
724,864,16384,2.039840637450199
725,865,16384,2.392523364485981
726,866,16384,2.359447004608295
727,867,16384,2.3703703703703702
728,868,16384,4.571428571428571
729,869,16384,4.654545454545454
730,870,16384,5.224489795918367
731,871,16384,5.224489795918367
732,872,16384,2.1069958847736627
733,873,16384,2.245614035087719
734,874,16384,2.359447004608295
735,875,16384,2.327272727272727
736,876,16384,4.530973451327434
737,877,16384,4.571428571428571
738,878,16384,4.785046728971962
739,879,16384,5.224489795918367
740,880,16384,2.0980919451914457
741,881,16384,2.2755555555555556
742,882,16384,2.3813953488372093
743,883,16384,2.3486238532110093
744,884,16384,4.570153417015342
745,885,16384,4.654545454545454
746,886,16384,5.069306930693069
747,887,16384,4.923076923076923
748,888,16384,2.098360655737705
749,889,16384,2.3703703703703702
750,890,16384,2.3813953488372093
751,891,16384,2.3813953488372093
752,892,16384,4.571428571428571
753,893,16384,4.612612612612613
754,894,16384,5.278350515463917
755,895,16384,5.224489795918367
756,896,16384,2.089795918367347
757,897,16384,2.3703703703703702
758,898,16384,2.3703703703703702
759,899,16384,2.316742081447964
760,900,16384,4.571428571428571
761,901,16384,4.162601626016261
762,902,16384,5.222824354478801
763,903,16384,5.171717171717172
764,904,16384,2.098360655737705
765,905,16384,2.359447004608295
766,906,16384,2.316742081447964
767,907,16384,2.316742081447964
768,908,16384,4.530973451327434
769,909,16384,4.654545454545454
770,910,16384,5.171717171717172
771,911,16384,4.530973451327434
772,912,16384,2.0895293967606174
773,913,16384,2.3813953488372093
774,914,16384,2.3703703703703702
775,915,16384,2.3703703703703702
776,916,16384,4.571428571428571
777,917,16384,4.612612612612613
778,918,16384,5.278350515463917
779,919,16384,5.224489795918367
780,920,16384,2.1069958847736627
781,921,16384,2.3486238532110093
782,922,16384,2.359447004608295
783,923,16384,2.2555066079295156
784,924,16384,4.612612612612613
785,925,16384,4.491228070175438
786,926,16384,5.171717171717172
787,927,16384,4.7407407407407405
788,928,16384,2.1069958847736627
789,929,16384,2.3486238532110093
790,930,16384,2.370027484449588
791,931,16384,2.327272727272727
792,932,16384,4.571428571428571
793,933,16384,4.612612612612613
794,934,16384,5.12
795,935,16384,4.923076923076923
796,936,16384,2.0237154150197627
797,937,16384,2.3703703703703702
798,938,16384,2.3703703703703702
799,939,16384,2.3164145341439277
800,940,16384,4.530973451327434
801,941,16384,4.654545454545454
802,942,16384,4.785046728971962
803,943,16384,4.876190476190477
804,944,16384,2.1069958847736627
805,945,16384,2.3703703703703702
806,946,16384,2.3591072714182864
807,947,16384,2.295964125560538
808,948,16384,4.571428571428571
809,949,16384,4.613911574204449
810,950,16384,5.17335017366593
811,951,16384,5.171717171717172
812,952,16384,2.0813008130081303
813,953,16384,2.316742081447964
814,954,16384,2.3813953488372093
815,955,16384,2.392523364485981
816,956,16384,4.571428571428571
817,957,16384,4.53222683264177
818,958,16384,5.224489795918367
819,959,16384,4.923076923076923
820,960,16384,2.0895293967606174
821,961,16384,2.359447004608295
822,962,16384,2.3703703703703702
823,963,16384,2.359447004608295
824,964,16384,4.571428571428571
825,965,16384,4.612612612612613
826,966,16384,4.830188679245283
827,967,16384,5.278350515463917
828,968,16384,2.039840637450199
829,969,16384,2.359447004608295
830,970,16384,2.359447004608295
831,971,16384,2.3378995433789953
832,972,16384,4.571428571428571
833,973,16384,4.530973451327434
834,974,16384,5.224489795918367
835,975,16384,4.923076923076923
836,976,16384,2.1069958847736627
837,977,16384,2.2857142857142856
838,978,16384,2.3486238532110093
839,979,16384,2.3486238532110093
840,980,16384,4.491228070175438
841,981,16384,4.654545454545454
842,982,16384,5.224489795918367
843,983,16384,4.876190476190477
844,984,16384,2.0813008130081303
845,985,16384,2.359447004608295
846,986,16384,2.3703703703703702
847,987,16384,2.3378995433789953
848,988,16384,4.612612612612613
849,989,16384,4.613911574204449
850,990,16384,5.278350515463917
851,991,16384,5.222824354478801
852,992,16384,2.089795918367347
853,993,16384,2.359447004608295
854,994,16384,2.327272727272727
855,995,16384,2.327272727272727
856,996,16384,4.571428571428571
857,997,16384,4.612612612612613
858,998,16384,5.019607843137255
859,999,16384,5.171717171717172
860,1000,16384,2.1069958847736627
861,1001,16384,2.3703703703703702
862,1002,16384,2.3813953488372093
863,1003,16384,2.3378995433789953
864,1004,16384,4.571428571428571
865,1005,16384,4.612612612612613
866,1006,16384,5.171717171717172
867,1007,16384,4.923076923076923
868,1008,16384,2.1069958847736627
869,1009,16384,2.3703703703703702
870,1010,16384,2.359447004608295
871,1011,16384,2.370713355520185
872,1012,16384,4.338983050847458
873,1013,16384,4.612612612612613
874,1014,16384,5.278350515463917
875,1015,16384,5.224489795918367
876,1016,16384,2.089795918367347
877,1017,16384,2.359447004608295
878,1018,16384,2.3164145341439277
879,1019,16384,2.327272727272727
880,1020,16384,4.571428571428571
881,1021,16384,4.338983050847458
882,1022,16384,5.222824354478801
883,1023,16384,5.224489795918367
884,1024,16384,2.0813008130081303
885,1025,16384,2.359447004608295
886,1026,16384,2.3591072714182864
887,1027,16384,2.295964125560538
888,1028,16384,4.530973451327434
889,1029,16384,4.162601626016261
890,1030,16384,5.171717171717172
891,1031,16384,4.923076923076923
892,1032,16384,2.048
893,1033,16384,2.348287229468253
894,1034,16384,2.359447004608295
895,1035,16384,2.3813953488372093
896,1036,16384,4.571428571428571
897,1037,16384,4.613911574204449
898,1038,16384,5.222824354478801
899,1039,16384,4.785046728971962
900,1040,16384,2.1069958847736627
901,1041,16384,2.359447004608295
902,1042,16384,2.359447004608295
903,1043,16384,2.3378995433789953
904,1044,16384,4.611314382212215
905,1045,16384,4.654545454545454
906,1046,16384,4.698594780613708
907,1047,16384,5.019607843137255
908,1048,16384,2.0895293967606174
909,1049,16384,2.3486238532110093
910,1050,16384,2.2755555555555556
911,1051,16384,2.316742081447964
912,1052,16384,4.571428571428571
913,1053,16384,4.654545454545454
914,1054,16384,5.17335017366593
915,1055,16384,4.697247706422019
916,1056,16384,2.098360655737705
917,1057,16384,2.3703703703703702
918,1058,16384,2.359447004608295
919,1059,16384,2.3703703703703702
920,1060,16384,4.571428571428571
921,1061,16384,4.612612612612613
922,1062,16384,5.224489795918367
923,1063,16384,5.224489795918367
924,1064,16384,2.098360655737705
925,1065,16384,2.370713355520185
926,1066,16384,2.3703703703703702
927,1067,16384,2.316742081447964
928,1068,16384,4.571428571428571
929,1069,16384,4.3760683760683765
930,1070,16384,5.171717171717172
931,1071,16384,5.278350515463917
932,1072,16384,2.098360655737705
933,1073,16384,2.3486238532110093
934,1074,16384,2.449760765550239
935,1075,16384,2.3063063063063063
936,1076,16384,4.570153417015342
937,1077,16384,4.612612612612613
938,1078,16384,5.171717171717172
939,1079,16384,4.876190476190477
940,1080,16384,2.098360655737705
941,1081,16384,2.359447004608295
942,1082,16384,2.359447004608295
943,1083,16384,2.359447004608295
944,1084,16384,4.571428571428571
945,1085,16384,4.452173913043478
946,1086,16384,5.170085200378669
947,1087,16384,5.069306930693069
948,1088,16384,2.007843137254902
949,1089,16384,2.3703703703703702
950,1090,16384,2.3378995433789953
951,1091,16384,2.3703703703703702
952,1092,16384,4.3760683760683765
953,1093,16384,4.571428571428571
954,1094,16384,5.224489795918367
955,1095,16384,4.7407407407407405
956,1096,16384,2.0728744939271255
957,1097,16384,2.3486238532110093
958,1098,16384,2.327272727272727
959,1099,16384,2.3813953488372093
960,1100,16384,4.452173913043478
961,1101,16384,4.530973451327434
962,1102,16384,4.921598077500751
963,1103,16384,5.224489795918367
964,1104,16384,2.064516129032258
965,1105,16384,2.3382331953760525
966,1106,16384,2.327272727272727
967,1107,16384,2.3813953488372093
968,1108,16384,4.452173913043478
969,1109,16384,4.571428571428571
970,1110,16384,4.970873786407767
971,1111,16384,5.224489795918367
972,1112,16384,2.064516129032258
973,1113,16384,2.370027484449588
974,1114,16384,2.316742081447964
975,1115,16384,1.6408612919379069
976,1116,16384,4.530973451327434
977,1117,16384,4.530973451327434
978,1118,16384,5.019607843137255
979,1119,16384,4.828765104627173
980,1120,16384,2.0895293967606174
981,1121,16384,2.3378995433789953
982,1122,16384,2.316742081447964
983,1123,16384,2.359447004608295
984,1124,16384,4.530973451327434
985,1125,16384,4.571428571428571
986,1126,16384,4.739369395429563
987,1127,16384,4.970873786407767
988,1128,16384,2.0813008130081303
989,1129,16384,2.348287229468253
990,1130,16384,2.3486238532110093
991,1131,16384,2.359447004608295
992,1132,16384,4.338983050847458
993,1133,16384,4.452173913043478
994,1134,16384,5.069306930693069
995,1135,16384,4.970873786407767
996,1136,16384,2.048
997,1137,16384,2.370027484449588
998,1138,16384,2.3486238532110093
999,1139,16384,2.3703703703703702
1000,1140,16384,4.612612612612613
1001,1141,16384,4.613911574204449
1002,1142,16384,5.224489795918367
1003,1143,16384,4.828765104627173
1004,1144,16384,2.0810364537025277
1005,1145,16384,2.316742081447964
1006,1146,16384,2.3591072714182864
1007,1147,16384,2.3813953488372093
1008,1148,16384,4.491228070175438
1009,1149,16384,4.491228070175438
1010,1150,16384,5.019607843137255
1011,1151,16384,4.923076923076923
1012,1152,16384,2.039840637450199
1013,1153,16384,2.473429951690821
1014,1154,16384,2.3378995433789953
1015,1155,16384,2.370027484449588
1016,1156,16384,4.571428571428571
1017,1157,16384,4.491228070175438
1018,1158,16384,5.224489795918367
1019,1159,16384,4.924556657649534
1020,1160,16384,2.0895293967606174
1021,1161,16384,2.275239550062491
1022,1162,16384,2.3486238532110093
1023,1163,16384,2.3703703703703702
1024,1164,16384,4.491228070175438
1025,1165,16384,4.489997259523157
1026,1166,16384,5.12
1027,1167,16384,4.874739660815234
1028,1168,16384,2.0813008130081303
1029,1169,16384,2.3703703703703702
1030,1170,16384,2.245614035087719
1031,1171,16384,2.359447004608295
1032,1172,16384,4.571428571428571
1033,1173,16384,4.611314382212215
1034,1174,16384,5.278350515463917
1035,1175,16384,4.830188679245283
1036,1176,16384,2.089795918367347
1037,1177,16384,2.3486238532110093
1038,1178,16384,2.359447004608295
1039,1179,16384,2.3703703703703702
1040,1180,16384,4.161544323088646
1041,1181,16384,4.162601626016261
1042,1182,16384,5.069306930693069
1043,1183,16384,5.018070444104135
1044,1184,16384,2.064516129032258
1045,1185,16384,2.2555066079295156
1046,1186,16384,2.265486725663717
1047,1187,16384,2.3813953488372093
1048,1188,16384,4.491228070175438
1049,1189,16384,4.129032258064516
1050,1190,16384,5.278350515463917
1051,1191,16384,5.018070444104135
1052,1192,16384,2.0728744939271255
1053,1193,16384,2.327272727272727
1054,1194,16384,2.370713355520185
1055,1195,16384,2.370027484449588
1056,1196,16384,4.491228070175438
1057,1197,16384,4.302521008403361
1058,1198,16384,4.970873786407767
1059,1199,16384,4.970873786407767
1060,1200,16384,2.0728744939271255
1061,1201,16384,2.3486238532110093
1062,1202,16384,2.3378995433789953
1063,1203,16384,2.3703703703703702
1064,1204,16384,4.571428571428571
1065,1205,16384,4.571428571428571
1066,1206,16384,5.224489795918367
1067,1207,16384,5.019607843137255
1068,1208,16384,2.0562248995983934
1069,1209,16384,2.3486238532110093
1070,1210,16384,2.359447004608295
1071,1211,16384,2.3703703703703702
1072,1212,16384,4.162601626016261
1073,1213,16384,4.530973451327434
1074,1214,16384,5.069306930693069
1075,1215,16384,4.970873786407767
1076,1216,16384,2.0980919451914457
1077,1217,16384,2.3813953488372093
1078,1218,16384,2.3378995433789953
1079,1219,16384,2.3813953488372093
1080,1220,16384,4.571428571428571
1081,1221,16384,4.303651168899396
1082,1222,16384,5.171717171717172
1083,1223,16384,4.785046728971962
1084,1224,16384,2.098360655737705
1085,1225,16384,2.3486238532110093
1086,1226,16384,2.348287229468253
1087,1227,16384,2.3703703703703702
1088,1228,16384,4.452173913043478
1089,1229,16384,4.162601626016261
1090,1230,16384,4.302521008403361
1091,1231,16384,5.019607843137255
1092,1232,16384,2.0562248995983934
1093,1233,16384,2.327272727272727
1094,1234,16384,2.3063063063063063
1095,1235,16384,2.316742081447964
1096,1236,16384,4.571428571428571
1097,1237,16384,4.530973451327434
1098,1238,16384,5.278350515463917
1099,1239,16384,4.923076923076923
1100,1240,16384,2.048
1101,1241,16384,2.327272727272727
1102,1242,16384,2.3486238532110093
1103,1243,16384,2.3489605734767025
1104,1244,16384,4.452173913043478
1105,1245,16384,4.571428571428571
1106,1246,16384,5.12
1107,1247,16384,5.019607843137255
1108,1248,16384,2.007843137254902
1109,1249,16384,2.2857142857142856
1110,1250,16384,2.3486238532110093
1111,1251,16384,2.392523364485981
1112,1252,16384,4.530973451327434
1113,1253,16384,4.19672131147541
1114,1254,16384,5.224489795918367
1115,1255,16384,4.969366090385199
1116,1256,16384,2.0813008130081303
1117,1257,16384,2.316742081447964
1118,1258,16384,2.3703703703703702
1119,1259,16384,2.3378995433789953
1120,1260,16384,4.491228070175438
1121,1261,16384,4.530973451327434
1122,1262,16384,4.529720763063312
1123,1263,16384,4.785046728971962
1124,1264,16384,2.0728744939271255
1125,1265,16384,2.370027484449588
1126,1266,16384,2.316742081447964
1127,1267,16384,2.3703703703703702
1128,1268,16384,4.612612612612613
1129,1269,16384,4.571428571428571
1130,1270,16384,5.224489795918367
1131,1271,16384,5.069306930693069
1132,1272,16384,2.0813008130081303
1133,1273,16384,2.348287229468253
1134,1274,16384,2.3378995433789953
1135,1275,16384,2.3703703703703702
1136,1276,16384,4.031496062992126
1137,1277,16384,4.571428571428571
1138,1278,16384,5.069306930693069
1139,1279,16384,5.070875889817394
1140,1280,16384,2.0728744939271255
1141,1281,16384,2.2555066079295156
1142,1282,16384,2.3378995433789953
1143,1283,16384,2.3703703703703702
1144,1284,16384,4.571428571428571
1145,1285,16384,4.571428571428571
1146,1286,16384,5.224489795918367
1147,1287,16384,5.019607843137255
1148,1288,16384,2.0726122707147376
1149,1289,16384,2.370027484449588
1150,1290,16384,2.3375659865886718
1151,1291,16384,2.3813953488372093
1152,1292,16384,4.452173913043478
1153,1293,16384,4.491228070175438
1154,1294,16384,5.019607843137255
1155,1295,16384,4.970873786407767
1156,1296,16384,2.089795918367347
1157,1297,16384,2.3486238532110093
1158,1298,16384,2.3378995433789953
1159,1299,16384,2.3486238532110093
1160,1300,16384,4.612612612612613
1161,1301,16384,4.530973451327434
1162,1302,16384,5.224489795918367
1163,1303,16384,4.923076923076923
1164,1304,16384,2.0813008130081303
1165,1305,16384,2.359447004608295
1166,1306,16384,2.3489605734767025
1167,1307,16384,2.370027484449588
1168,1308,16384,4.452173913043478
1169,1309,16384,4.491228070175438
1170,1310,16384,4.921598077500751
1171,1311,16384,4.970873786407767
1172,1312,16384,2.064516129032258
1173,1313,16384,2.3813953488372093
1174,1314,16384,2.2358078602620086
1175,1315,16384,2.359447004608295
1176,1316,16384,2.359447004608295
1177,1317,16384,2.316742081447964
1178,1318,16384,4.452173913043478
1179,1319,16384,4.571428571428571
1180,1320,16384,5.224489795918367
1181,1321,16384,5.278350515463917
1182,1322,16384,2.0562248995983934
1183,1323,16384,2.359447004608295
1184,1324,16384,2.3703703703703702
1185,1325,16384,2.3378995433789953
1186,1326,16384,4.571428571428571
1187,1327,16384,4.571428571428571
1188,1328,16384,4.529720763063312
1189,1329,16384,5.019607843137255
1190,1330,16384,2.098360655737705
1191,1331,16384,2.359447004608295
1192,1332,16384,2.3703703703703702
1193,1333,16384,2.3486238532110093
1194,1334,16384,4.530973451327434
1195,1335,16384,4.571428571428571
1196,1336,16384,5.12
1197,1337,16384,5.224489795918367
1198,1338,16384,2.098360655737705
1199,1339,16384,2.3489605734767025
1200,1340,16384,2.370027484449588
1201,1341,16384,2.359447004608295
1202,1342,16384,4.571428571428571
1203,1343,16384,4.530973451327434
1204,1344,16384,5.171717171717172
1205,1345,16384,5.019607843137255
1206,1346,16384,2.1069958847736627
1207,1347,16384,2.348287229468253
1208,1348,16384,2.3813953488372093
1209,1349,16384,2.3486238532110093
1210,1350,16384,4.571428571428571
1211,1351,16384,4.572704437622105
1212,1352,16384,5.171717171717172
1213,1353,16384,5.278350515463917
1214,1354,16384,2.0728744939271255
1215,1355,16384,2.3813953488372093
1216,1356,16384,2.3486238532110093
1217,1357,16384,2.226086956521739
1218,1358,16384,4.571428571428571
1219,1359,16384,4.530973451327434
1220,1360,16384,5.12
1221,1361,16384,4.3760683760683765
1222,1362,16384,2.064516129032258
1223,1363,16384,2.3813953488372093
1224,1364,16384,2.3813953488372093
1225,1365,16384,2.327272727272727
1226,1366,16384,4.031496062992126
1227,1367,16384,4.491228070175438
1228,1368,16384,5.278350515463917
1229,1369,16384,5.070875889817394
1230,1370,16384,2.115702479338843
1231,1371,16384,2.295964125560538
1232,1372,16384,2.3703703703703702
1233,1373,16384,2.3378995433789953
1234,1374,16384,4.571428571428571
1235,1375,16384,4.452173913043478
1236,1376,16384,5.12
1237,1377,16384,5.224489795918367
1238,1378,16384,2.039840637450199
1239,1379,16384,2.3703703703703702
1240,1380,16384,2.3486238532110093
1241,1381,16384,2.3703703703703702
1242,1382,16384,4.571428571428571
1243,1383,16384,4.3760683760683765
1244,1384,16384,5.069306930693069
1245,1385,16384,4.970873786407767
1246,1386,16384,2.0728744939271255
1247,1387,16384,2.370713355520185
1248,1388,16384,2.3486238532110093
1249,1389,16384,2.359447004608295
1250,1390,16384,4.612612612612613
1251,1391,16384,4.530973451327434
1252,1392,16384,4.970873786407767
1253,1393,16384,5.12
1254,1394,16384,2.0562248995983934
1255,1395,16384,2.3703703703703702
1256,1396,16384,2.3378995433789953
1257,1397,16384,2.3378995433789953
1258,1398,16384,4.571428571428571
1259,1399,16384,4.530973451327434
1260,1400,16384,5.069306930693069
1261,1401,16384,5.019607843137255
1262,1402,16384,2.098360655737705
1263,1403,16384,2.245614035087719
1264,1404,16384,2.381049266095044
1265,1405,16384,2.3378995433789953
1266,1406,16384,4.612612612612613
1267,1407,16384,4.3760683760683765
1268,1408,16384,5.278350515463917
1269,1409,16384,5.278350515463917
1270,1410,16384,2.1069958847736627
1271,1411,16384,2.327272727272727
1272,1412,16384,2.3486238532110093
1273,1413,16384,2.316742081447964
1274,1414,16384,4.266666666666667
1275,1415,16384,4.452173913043478
1276,1416,16384,5.278350515463917
1277,1417,16384,5.069306930693069
1278,1418,16384,2.089795918367347
1279,1419,16384,2.3063063063063063
1280,1420,16384,2.3703703703703702
1281,1421,16384,2.3486238532110093
1282,1422,16384,4.491228070175438
1283,1423,16384,4.611314382212215
1284,1424,16384,5.12
1285,1425,16384,5.224489795918367
1286,1426,16384,2.048
1287,1427,16384,2.316742081447964
1288,1428,16384,2.359447004608295
1289,1429,16384,2.392523364485981
1290,1430,16384,4.491228070175438
1291,1431,16384,4.530973451327434
1292,1432,16384,4.923076923076923
1293,1433,16384,4.697247706422019
1294,1434,16384,2.115702479338843
1295,1435,16384,2.381049266095044
1296,1436,16384,2.3486238532110093
1297,1437,16384,2.370027484449588
1298,1438,16384,4.571428571428571
1299,1439,16384,4.491228070175438
1300,1440,16384,5.069306930693069
1301,1441,16384,5.12
1302,1442,16384,2.0813008130081303
1303,1443,16384,2.2164502164502164
1304,1444,16384,2.3378995433789953
1305,1445,16384,2.2555066079295156
1306,1446,16384,4.571428571428571
1307,1447,16384,4.530973451327434
1308,1448,16384,5.12
1309,1449,16384,5.069306930693069
1310,1450,16384,2.0895293967606174
1311,1451,16384,2.3378995433789953
1312,1452,16384,2.359447004608295
1313,1453,16384,2.3378995433789953
1314,1454,16384,4.613911574204449
1315,1455,16384,4.571428571428571
1316,1456,16384,5.224489795918367
1317,1457,16384,5.222824354478801
1318,1458,16384,2.0728744939271255
1319,1459,16384,2.3063063063063063
1320,1460,16384,2.3486238532110093
1321,1461,16384,2.348287229468253
1322,1462,16384,4.266666666666667
1323,1463,16384,4.19672131147541
1324,1464,16384,5.278350515463917
1325,1465,16384,5.019607843137255
1326,1466,16384,2.1069958847736627
1327,1467,16384,2.370027484449588
1328,1468,16384,2.3063063063063063
1329,1469,16384,2.3378995433789953
1330,1470,16384,4.491228070175438
1331,1471,16384,4.613911574204449
1332,1472,16384,5.069306930693069
1333,1473,16384,5.278350515463917
1334,1474,16384,2.160337552742616
1335,1475,16384,2.359447004608295
1336,1476,16384,2.359447004608295
1337,1477,16384,2.3813953488372093
1338,1478,16384,4.612612612612613
1339,1479,16384,4.530973451327434
1340,1480,16384,4.969366090385199
1341,1481,16384,5.224489795918367
1342,1482,16384,2.098360655737705
1343,1483,16384,2.3703703703703702
1344,1484,16384,2.3486238532110093
1345,1485,16384,2.370027484449588
1346,1486,16384,4.571428571428571
1347,1487,16384,4.529720763063312
1348,1488,16384,5.070875889817394
1349,1489,16384,5.12
1350,1490,16384,2.039840637450199
1351,1491,16384,2.3703703703703702
1352,1492,16384,2.3486238532110093
1353,1493,16384,2.359447004608295
1354,1494,16384,4.530973451327434
1355,1495,16384,4.301391441323182
1356,1496,16384,5.12
1357,1497,16384,5.019607843137255
1358,1498,16384,2.1067249582101066
1359,1499,16384,2.3486238532110093
1360,1500,16384,2.370713355520185
1361,1501,16384,2.3591072714182864
1362,1502,16384,4.530973451327434
1363,1503,16384,4.162601626016261
1364,1504,16384,5.224489795918367
1365,1505,16384,5.278350515463917
1366,1506,16384,2.0237154150197627
1367,1507,16384,2.3813953488372093
1368,1508,16384,2.359447004608295
1369,1509,16384,2.359447004608295
1370,1510,16384,4.530973451327434
1371,1511,16384,4.612612612612613
1372,1512,16384,5.278350515463917
1373,1513,16384,5.019607843137255
1374,1514,16384,2.098360655737705
1375,1515,16384,2.2555066079295156
1376,1516,16384,2.3703703703703702
1377,1517,16384,2.3378995433789953
1378,1518,16384,4.491228070175438
1379,1519,16384,4.612612612612613
1380,1520,16384,5.12
1381,1521,16384,5.224489795918367
1382,1522,16384,2.0810364537025277
1383,1523,16384,2.370713355520185
1384,1524,16384,2.295964125560538
1385,1525,16384,2.3703703703703702
1386,1526,16384,4.612612612612613
1387,1527,16384,4.302521008403361
1388,1528,16384,5.069306930693069
1389,1529,16384,5.278350515463917
1390,1530,16384,2.0815652394867232
1391,1531,16384,2.359447004608295
1392,1532,16384,2.359447004608295
1393,1533,16384,2.381049266095044
1394,1534,16384,4.571428571428571
1395,1535,16384,4.19672131147541
1396,1536,16384,5.069306930693069
1397,1537,16384,4.830188679245283
1398,1538,16384,2.089795918367347
1399,1539,16384,2.3703703703703702
1400,1540,16384,2.2555066079295156
1401,1541,16384,2.3378995433789953
1402,1542,16384,4.611314382212215
1403,1543,16384,4.530973451327434
1404,1544,16384,4.830188679245283
1405,1545,16384,5.12
1406,1546,16384,2.048
1407,1547,16384,2.3703703703703702
1408,1548,16384,2.2161504125524143
1409,1549,16384,2.3486238532110093
1410,1550,16384,4.571428571428571
1411,1551,16384,4.570153417015342
1412,1552,16384,5.224489795918367
1413,1553,16384,5.278350515463917
1414,1554,16384,2.0728744939271255
1415,1555,16384,2.3486238532110093
1416,1556,16384,2.295964125560538
1417,1557,16384,2.3591072714182864
1418,1558,16384,4.530973451327434
1419,1559,16384,4.266666666666667
1420,1560,16384,5.224489795918367
1421,1561,16384,5.069306930693069
1422,1562,16384,2.064516129032258
1423,1563,16384,2.3703703703703702
1424,1564,16384,2.359447004608295
1425,1565,16384,2.348287229468253
1426,1566,16384,4.489997259523157
1427,1567,16384,4.612612612612613
1428,1568,16384,5.17335017366593
1429,1569,16384,5.171717171717172
1430,1570,16384,2.0813008130081303
1431,1571,16384,2.3703703703703702
1432,1572,16384,2.2755555555555556
1433,1573,16384,2.3591072714182864
1434,1574,16384,4.612612612612613
1435,1575,16384,4.452173913043478
1436,1576,16384,5.069306930693069
1437,1577,16384,5.224489795918367
1438,1578,16384,2.0562248995983934
1439,1579,16384,2.4150943396226414
1440,1580,16384,2.3486238532110093
1441,1581,16384,2.3703703703703702
1442,1582,16384,4.530973451327434
1443,1583,16384,4.530973451327434
1444,1584,16384,5.069306930693069
1445,1585,16384,5.12
1446,1586,16384,2.089795918367347
1447,1587,16384,2.359447004608295
1448,1588,16384,2.3486238532110093
1449,1589,16384,2.2164502164502164
1450,1590,16384,4.611314382212215
1451,1591,16384,4.53222683264177
1452,1592,16384,5.171717171717172
1453,1593,16384,5.067738942158986
1454,1594,16384,2.1069958847736627
1455,1595,16384,2.359447004608295
1456,1596,16384,2.3703703703703702
1457,1597,16384,2.3486238532110093
1458,1598,16384,4.571428571428571
1459,1599,16384,4.612612612612613
1460,1600,16384,5.224489795918367
1461,1601,16384,5.224489795918367
1462,1602,16384,2.115702479338843
1463,1603,16384,2.3703703703703702
1464,1604,16384,2.3486238532110093
1465,1605,16384,2.3486238532110093
1466,1606,16384,4.452173913043478
1467,1607,16384,4.3760683760683765
1468,1608,16384,5.224489795918367
1469,1609,16384,4.7407407407407405
1470,1610,16384,2.0813008130081303
1471,1611,16384,2.2755555555555556
1472,1612,16384,2.3703703703703702
1473,1613,16384,2.370027484449588
1474,1614,16384,4.530973451327434
1475,1615,16384,4.571428571428571
1476,1616,16384,4.923076923076923
1477,1617,16384,5.278350515463917
1478,1618,16384,2.0237154150197627
1479,1619,16384,2.3378995433789953
1480,1620,16384,2.327272727272727
1481,1621,16384,2.295964125560538
1482,1622,16384,4.491228070175438
1483,1623,16384,4.530973451327434
1484,1624,16384,4.874739660815234
1485,1625,16384,4.923076923076923
1486,1626,16384,2.039840637450199
1487,1627,16384,2.3378995433789953
1488,1628,16384,2.265486725663717
1489,1629,16384,2.3378995433789953
1490,1630,16384,4.452173913043478
1491,1631,16384,4.571428571428571
1492,1632,16384,5.019607843137255
1493,1633,16384,4.970873786407767
1494,1634,16384,2.0728744939271255
1495,1635,16384,2.3378995433789953
1496,1636,16384,2.3486238532110093
1497,1637,16384,2.2755555555555556
1498,1638,16384,4.491228070175438
1499,1639,16384,4.096
1500,1640,16384,4.785046728971962
1501,1641,16384,4.970873786407767
1502,1642,16384,2.0813008130081303
1503,1643,16384,2.370027484449588
1504,1644,16384,2.3703703703703702
1505,1645,16384,2.3063063063063063
1506,1646,16384,4.452173913043478
1507,1647,16384,4.571428571428571
1508,1648,16384,5.171717171717172
1509,1649,16384,4.923076923076923
1510,1650,16384,2.0726122707147376
1511,1651,16384,2.327272727272727
1512,1652,16384,2.359447004608295
1513,1653,16384,2.3378995433789953
1514,1654,16384,4.452173913043478
1515,1655,16384,4.530973451327434
1516,1656,16384,5.12
1517,1657,16384,4.970873786407767
1518,1658,16384,2.0728744939271255
1519,1659,16384,2.3378995433789953
1520,1660,16384,2.3486238532110093
1521,1661,16384,2.359447004608295
1522,1662,16384,4.491228070175438
1523,1663,16384,4.571428571428571
1524,1664,16384,4.970873786407767
1525,1665,16384,4.923076923076923
1526,1666,16384,2.0810364537025277
1527,1667,16384,2.327272727272727
1528,1668,16384,2.3375659865886718
1529,1669,16384,2.3489605734767025
1530,1670,16384,4.491228070175438
1531,1671,16384,4.337834259994705
1532,1672,16384,4.785046728971962
1533,1673,16384,4.491228070175438
1534,1674,16384,2.0813008130081303
1535,1675,16384,2.327272727272727
1536,1676,16384,2.359447004608295
1537,1677,16384,2.327272727272727
1538,1678,16384,4.491228070175438
1539,1679,16384,4.414982484505524
1540,1680,16384,4.921598077500751
1541,1681,16384,4.970873786407767
1542,1682,16384,2.0728744939271255
1543,1683,16384,2.327272727272727
1544,1684,16384,2.3378995433789953
1545,1685,16384,2.3486238532110093
1546,1686,16384,4.452173913043478
1547,1687,16384,4.530973451327434
1548,1688,16384,5.12
1549,1689,16384,5.019607843137255
1550,1690,16384,2.089795918367347
1551,1691,16384,2.3486238532110093
1552,1692,16384,2.359447004608295
1553,1693,16384,2.359447004608295
1554,1694,16384,4.530973451327434
1555,1695,16384,4.571428571428571
1556,1696,16384,4.921598077500751
1557,1697,16384,4.923076923076923
1558,1698,16384,2.0813008130081303
1559,1699,16384,2.327272727272727
1560,1700,16384,2.316742081447964
1561,1701,16384,2.3378995433789953
1562,1702,16384,4.491228070175438
1563,1703,16384,4.529720763063312
1564,1704,16384,5.069306930693069
1565,1705,16384,4.970873786407767
1566,1706,16384,2.0813008130081303
1567,1707,16384,2.3269421957108367
1568,1708,16384,2.3703703703703702
1569,1709,16384,2.3486238532110093
1570,1710,16384,3.7372262773722627
1571,1711,16384,4.530973451327434
1572,1712,16384,5.019607843137255
1573,1713,16384,4.876190476190477
1574,1714,16384,2.0317460317460316
1575,1715,16384,2.3489605734767025
1576,1716,16384,2.3489605734767025
1577,1717,16384,2.3486238532110093
1578,1718,16384,4.491228070175438
1579,1719,16384,4.231404958677686
1580,1720,16384,5.12
1581,1721,16384,4.876190476190477
1582,1722,16384,2.089795918367347
1583,1723,16384,2.327272727272727
1584,1724,16384,2.348287229468253
1585,1725,16384,2.4150943396226414
1586,1726,16384,4.491228070175438
1587,1727,16384,4.53222683264177
1588,1728,16384,4.338983050847458
1589,1729,16384,4.970873786407767
1590,1730,16384,2.098360655737705
1591,1731,16384,2.327272727272727
1592,1732,16384,2.327272727272727
1593,1733,16384,2.327272727272727
1594,1734,16384,4.489997259523157
1595,1735,16384,4.530973451327434
1596,1736,16384,5.12
1597,1737,16384,4.970873786407767
1598,1738,16384,2.089795918367347
1599,1739,16384,2.295964125560538
1600,1740,16384,2.359447004608295
1601,1741,16384,2.3378995433789953
1602,1742,16384,4.266666666666667
1603,1743,16384,4.571428571428571
1604,1744,16384,4.923076923076923
1605,1745,16384,4.923076923076923
1606,1746,16384,2.089795918367347
1607,1747,16384,2.3063063063063063
1608,1748,16384,2.3486238532110093
1609,1749,16384,2.3378995433789953
1610,1750,16384,4.491228070175438
1611,1751,16384,4.3760683760683765
1612,1752,16384,4.785046728971962
1613,1753,16384,5.069306930693069
1614,1754,16384,2.015748031496063
1615,1755,16384,2.3378995433789953
1616,1756,16384,2.3486238532110093
1617,1757,16384,2.359447004608295
1618,1758,16384,4.530973451327434
1619,1759,16384,4.53222683264177
1620,1760,16384,4.969366090385199
1621,1761,16384,4.923076923076923
1622,1762,16384,2.0395867048425247
1623,1763,16384,2.327272727272727
1624,1764,16384,2.3378995433789953
1625,1765,16384,2.265486725663717
1626,1766,16384,4.491228070175438
1627,1767,16384,4.530973451327434
1628,1768,16384,5.069306930693069
1629,1769,16384,4.969366090385199
1630,1770,16384,2.0562248995983934
1631,1771,16384,2.3378995433789953
1632,1772,16384,2.4380952380952383
1633,1773,16384,2.295964125560538
1634,1774,16384,4.491228070175438
1635,1775,16384,4.571428571428571
1636,1776,16384,4.970873786407767
1637,1777,16384,4.413793103448276
1638,1778,16384,2.048
1639,1779,16384,2.3378995433789953
1640,1780,16384,2.3486238532110093
1641,1781,16384,2.316742081447964
1642,1782,16384,4.530973451327434
1643,1783,16384,4.530973451327434
1644,1784,16384,5.12
1645,1785,16384,4.970873786407767
1646,1786,16384,2.1069958847736627
1647,1787,16384,2.3378995433789953
1648,1788,16384,2.2755555555555556
1649,1789,16384,2.3486238532110093
1650,1790,16384,4.413793103448276
1651,1791,16384,4.530973451327434
1652,1792,16384,5.019607843137255
1653,1793,16384,4.970873786407767
1654,1794,16384,2.089795918367347
1655,1795,16384,2.2857142857142856
1656,1796,16384,2.359447004608295
1657,1797,16384,2.348287229468253
1658,1798,16384,4.491228070175438
1659,1799,16384,4.491228070175438
1660,1800,16384,5.12
1661,1801,16384,5.069306930693069
1662,1802,16384,2.089795918367347
1663,1803,16384,2.3486238532110093
1664,1804,16384,2.327272727272727
1665,1805,16384,2.2755555555555556
1666,1806,16384,4.530973451327434
1667,1807,16384,4.491228070175438
1668,1808,16384,5.069306930693069
1669,1809,16384,4.923076923076923
1670,1810,16384,2.0647763074984247
1671,1811,16384,2.3378995433789953
1672,1812,16384,2.3378995433789953
1673,1813,16384,2.3378995433789953
1674,1814,16384,4.491228070175438
1675,1815,16384,4.3760683760683765
1676,1816,16384,4.571428571428571
1677,1817,16384,4.970873786407767
1678,1818,16384,2.0980919451914457
1679,1819,16384,2.327272727272727
1680,1820,16384,2.359447004608295
1681,1821,16384,2.3486238532110093
1682,1822,16384,4.413793103448276
1683,1823,16384,4.570153417015342
1684,1824,16384,4.970873786407767
1685,1825,16384,4.970873786407767
1686,1826,16384,2.0813008130081303
1687,1827,16384,2.327272727272727
1688,1828,16384,2.327272727272727
1689,1829,16384,2.3378995433789953
1690,1830,16384,4.489997259523157
1691,1831,16384,4.530973451327434
1692,1832,16384,2.0562248995983934
1693,1833,16384,2.316742081447964
1694,1834,16384,2.3486238532110093
1695,1835,16384,2.3378995433789953
1696,1836,16384,4.489997259523157
1697,1837,16384,4.413793103448276
1698,1838,16384,5.171717171717172
1699,1839,16384,5.12
1700,1840,16384,2.098360655737705
1701,1841,16384,2.3063063063063063
1702,1842,16384,2.348287229468253
1703,1843,16384,2.3269421957108367
1704,1844,16384,4.266666666666667
1705,1845,16384,4.491228070175438
1706,1846,16384,5.224489795918367
1707,1847,16384,5.069306930693069
1708,1848,16384,2.089795918367347
1709,1849,16384,2.381049266095044
1710,1850,16384,2.3703703703703702
1711,1851,16384,2.3378995433789953
1712,1852,16384,4.530973451327434
1713,1853,16384,4.530973451327434
1714,1854,16384,5.069306930693069
1715,1855,16384,5.070875889817394
1716,1856,16384,2.031494110353379
1717,1857,16384,2.226086956521739
1718,1858,16384,2.3703703703703702
1719,1859,16384,2.359447004608295
1720,1860,16384,4.491228070175438
1721,1861,16384,4.530973451327434
1722,1862,16384,5.069306930693069
1723,1863,16384,4.830188679245283
1724,1864,16384,2.0726122707147376
1725,1865,16384,2.3813953488372093
1726,1866,16384,2.3703703703703702
1727,1867,16384,2.359447004608295
1728,1868,16384,4.571428571428571
1729,1869,16384,4.129032258064516
1730,1870,16384,4.4126043630487475
1731,1871,16384,5.224489795918367
1732,1872,16384,2.0728744939271255
1733,1873,16384,2.359447004608295
1734,1874,16384,2.3486238532110093
1735,1875,16384,2.3486238532110093
1736,1876,16384,4.302521008403361
1737,1877,16384,4.612612612612613
1738,1878,16384,4.970873786407767
1739,1879,16384,4.923076923076923
1740,1880,16384,2.064516129032258
1741,1881,16384,2.3486238532110093
1742,1882,16384,2.3378995433789953
1743,1883,16384,2.3703703703703702
1744,1884,16384,4.571428571428571
1745,1885,16384,4.571428571428571
1746,1886,16384,5.12
1747,1887,16384,4.970873786407767
1748,1888,16384,2.0728744939271255
1749,1889,16384,2.3703703703703702
1750,1890,16384,2.3486238532110093
1751,1891,16384,2.327272727272727
1752,1892,16384,4.491228070175438
1753,1893,16384,4.571428571428571
1754,1894,16384,4.785046728971962
1755,1895,16384,5.019607843137255
1756,1896,16384,2.0728744939271255
1757,1897,16384,2.327272727272727
1758,1898,16384,2.3378995433789953
1759,1899,16384,2.316742081447964
1760,1900,16384,4.491228070175438
1761,1901,16384,4.529720763063312
1762,1902,16384,5.224489795918367
1763,1903,16384,4.231404958677686
1764,1904,16384,2.089795918367347
1765,1905,16384,2.370027484449588
1766,1906,16384,2.370027484449588
1767,1907,16384,2.359447004608295
1768,1908,16384,4.611314382212215
1769,1909,16384,4.571428571428571
1770,1910,16384,4.923076923076923
1771,1911,16384,4.969366090385199
1772,1912,16384,2.089795918367347
1773,1913,16384,2.3378995433789953
1774,1914,16384,2.226086956521739
1775,1915,16384,2.3703703703703702
1776,1916,16384,4.19672131147541
1777,1917,16384,4.3760683760683765
1778,1918,16384,5.069306930693069
1779,1919,16384,4.923076923076923
1780,1920,16384,2.089795918367347
1781,1921,16384,2.3703703703703702
1782,1922,16384,2.381049266095044
1783,1923,16384,2.3486238532110093
1784,1924,16384,4.530973451327434
1785,1925,16384,4.530973451327434
1786,1926,16384,4.7407407407407405
1787,1927,16384,5.224489795918367
1788,1928,16384,2.0813008130081303
1789,1929,16384,2.3378995433789953
1790,1930,16384,2.348287229468253
1791,1931,16384,2.3703703703703702
1792,1932,16384,4.530973451327434
1793,1933,16384,4.530973451327434
1794,1934,16384,4.7407407407407405
1795,1935,16384,5.067738942158986
1796,1936,16384,2.098360655737705
1797,1937,16384,2.3378995433789953
1798,1938,16384,2.3063063063063063
1799,1939,16384,2.3378995433789953
1800,1940,16384,4.571428571428571
1801,1941,16384,4.571428571428571
1802,1942,16384,5.171717171717172
1803,1943,16384,4.921598077500751
1804,1944,16384,2.039840637450199
1805,1945,16384,2.3489605734767025
1806,1946,16384,2.327272727272727
1807,1947,16384,2.3486238532110093
1808,1948,16384,4.491228070175438
1809,1949,16384,4.612612612612613
1810,1950,16384,5.224489795918367
1811,1951,16384,5.019607843137255
1812,1952,16384,2.039840637450199
1813,1953,16384,2.327272727272727
1814,1954,16384,2.295964125560538
1815,1955,16384,2.3486238532110093
1816,1956,16384,4.266666666666667
1817,1957,16384,4.266666666666667
1818,1958,16384,5.171717171717172
1819,1959,16384,5.018070444104135
1820,1960,16384,2.089795918367347
1821,1961,16384,2.359447004608295
1822,1962,16384,2.359447004608295
1823,1963,16384,2.3591072714182864
1824,1964,16384,4
1825,1965,16384,4.571428571428571
1826,1966,16384,4.785046728971962
1827,1967,16384,5.019607843137255
1828,1968,16384,2.0728744939271255
1829,1969,16384,2.327272727272727
1830,1970,16384,2.3486238532110093
1831,1971,16384,2.3703703703703702
1832,1972,16384,4.491228070175438
1833,1973,16384,4.571428571428571
1834,1974,16384,4.970873786407767
1835,1975,16384,5.019607843137255
1836,1976,16384,2.007843137254902
1837,1977,16384,2.359447004608295
1838,1978,16384,2.3703703703703702
1839,1979,16384,2.359447004608295
1840,1980,16384,4.231404958677686
1841,1981,16384,4.530973451327434
1842,1982,16384,5.019607843137255
1843,1983,16384,5.171717171717172
1844,1984,16384,2.0813008130081303
1845,1985,16384,2.3486238532110093
1846,1986,16384,2.3486238532110093
1847,1987,16384,2.359447004608295
1848,1988,16384,4.096
1849,1989,16384,4.491228070175438
1850,1990,16384,5.069306930693069
1851,1991,16384,4.972382397572079
1852,1992,16384,2.048
1853,1993,16384,2.316742081447964
1854,1994,16384,2.3378995433789953
1855,1995,16384,2.359447004608295
1856,1996,16384,4.571428571428571
1857,1997,16384,4.53222683264177
1858,1998,16384,5.12
1859,1999,16384,5.069306930693069
1860,2000,16384,2.064516129032258
1861,2001,16384,2.3063063063063063
1862,2002,16384,2.295964125560538
1863,2003,16384,2.473429951690821
1864,2004,16384,4.530973451327434
1865,2005,16384,4.612612612612613
1866,2006,16384,5.224489795918367
1867,2007,16384,4.970873786407767
1868,2008,16384,2.0813008130081303
1869,2009,16384,2.317069721397256
1870,2010,16384,2.3489605734767025
1871,2011,16384,2.3378995433789953
1872,2012,16384,4.452173913043478
1873,2013,16384,4.530973451327434
1874,2014,16384,5.224489795918367
1875,2015,16384,5.12
1876,2016,16384,2.0813008130081303
1877,2017,16384,2.359447004608295
1878,2018,16384,2.3486238532110093
1879,2019,16384,2.3486238532110093
1880,2020,16384,4.571428571428571
1881,2021,16384,4.529720763063312
1882,2022,16384,5.019607843137255
1883,2023,16384,5.019607843137255
1884,2024,16384,2.0726122707147376
1885,2025,16384,2.327272727272727
1886,2026,16384,2.3486238532110093
1887,2027,16384,2.381049266095044
1888,2028,16384,4.491228070175438
1889,2029,16384,4.571428571428571
1890,2030,16384,4.970873786407767
1891,2031,16384,4.923076923076923
1892,2032,16384,2.1512605042016806
1893,2033,16384,2.316742081447964
1894,2034,16384,2.3703703703703702
1895,2035,16384,2.305981703026038
1896,2036,16384,4.571428571428571
1897,2037,16384,4.530973451327434
1898,2038,16384,5.019607843137255
1899,2039,16384,5.278350515463917
1900,2040,16384,2.089795918367347
1901,2041,16384,2.3703703703703702
1902,2042,16384,2.3378995433789953
1903,2043,16384,2.3703703703703702
1904,2044,16384,4.530973451327434
1905,2045,16384,4.612612612612613
1906,2046,16384,4.970873786407767
1907,2047,16384,5.021146184492798
1908,2048,16384,2.0813008130081303
1909,2049,16384,2.295964125560538
1910,2050,16384,2.3486238532110093
1911,2051,16384,2.3378995433789953
1912,2052,16384,4.571428571428571
1913,2053,16384,4.19672131147541
1914,2054,16384,4.876190476190477
1915,2055,16384,4.970873786407767
1916,2056,16384,2.1333333333333333
1917,2057,16384,2.359447004608295
1918,2058,16384,2.3378995433789953
1919,2059,16384,2.3378995433789953
1920,2060,16384,4.302521008403361
1921,2061,16384,4.612612612612613
1922,2062,16384,5.12
1923,2063,16384,4.697247706422019
1924,2064,16384,2.089795918367347
1925,2065,16384,2.3269421957108367
1926,2066,16384,2.3489605734767025
1927,2067,16384,2.359447004608295
1928,2068,16384,4.0645001240387
1929,2069,16384,4.529720763063312
1930,2070,16384,5.171717171717172
1931,2071,16384,5.019607843137255
1932,2072,16384,2.098360655737705
1933,2073,16384,2.348287229468253
1934,2074,16384,2.3486238532110093
1935,2075,16384,2.3378995433789953
1936,2076,16384,4.491228070175438
1937,2077,16384,4.571428571428571
1938,2078,16384,4.972382397572079
1939,2079,16384,4.876190476190477
1940,2080,16384,2.064516129032258
1941,2081,16384,2.2857142857142856
1942,2082,16384,2.2857142857142856
1943,2083,16384,2.370713355520185
1944,2084,16384,4.063492063492063
1945,2085,16384,4.571428571428571
1946,2086,16384,5.069306930693069
1947,2087,16384,5.069306930693069
1948,2088,16384,2.0395867048425247
1949,2089,16384,2.359447004608295
1950,2090,16384,2.3378995433789953
1951,2091,16384,2.3703703703703702
1952,2092,16384,4.413793103448276
1953,2093,16384,4.571428571428571
1954,2094,16384,4.969366090385199
1955,2095,16384,4.923076923076923
1956,2096,16384,2.064516129032258
1957,2097,16384,2.370027484449588
1958,2098,16384,2.2651735103000137
1959,2099,16384,2.381049266095044
1960,2100,16384,4.4126043630487475
1961,2101,16384,4.3760683760683765
1962,2102,16384,4.303651168899396
1963,2103,16384,5.224489795918367
1964,2104,16384,2.064516129032258
1965,2105,16384,2.327272727272727
1966,2106,16384,2.316742081447964
1967,2107,16384,2.381049266095044
1968,2108,16384,4.452173913043478
1969,2109,16384,4.612612612612613
1970,2110,16384,5.2766505636070855
1971,2111,16384,5.224489795918367
1972,2112,16384,2.007843137254902
1973,2113,16384,2.359447004608295
1974,2114,16384,2.3813953488372093
1975,2115,16384,2.359447004608295
1976,2116,16384,4.530973451327434
1977,2117,16384,4.654545454545454
1978,2118,16384,5.224489795918367
1979,2119,16384,5.278350515463917
1980,2120,16384,2.015748031496063
1981,2121,16384,2.3378995433789953
1982,2122,16384,2.327272727272727
1983,2123,16384,2.3703703703703702
1984,2124,16384,4.452173913043478
1985,2125,16384,4.571428571428571
1986,2126,16384,5.222824354478801
1987,2127,16384,4.785046728971962
1988,2128,16384,2.0728744939271255
1989,2129,16384,2.327272727272727
1990,2130,16384,2.3486238532110093
1991,2131,16384,2.3378995433789953
1992,2132,16384,4.571428571428571
1993,2133,16384,4.452173913043478
1994,2134,16384,5.171717171717172
1995,2135,16384,5.224489795918367
1996,2136,16384,2.1069958847736627
1997,2137,16384,2.3813953488372093
1998,2138,16384,2.3703703703703702
1999,2139,16384,2.3486238532110093
2000,2140,16384,4.452173913043478
2001,2141,16384,4.654545454545454
2002,2142,16384,4.7407407407407405
2003,2143,16384,5.22615629984051
2004,2144,16384,2.115702479338843
2005,2145,16384,2.327272727272727
2006,2146,16384,2.3486238532110093
2007,2147,16384,2.3703703703703702
2008,2148,16384,4.530973451327434
2009,2149,16384,4.452173913043478
2010,2150,16384,5.069306930693069
2011,2151,16384,4.830188679245283
2012,2152,16384,2.115702479338843
2013,2153,16384,2.359447004608295
2014,2154,16384,2.3813953488372093
2015,2155,16384,2.370713355520185
2016,2156,16384,4.530973451327434
2017,2157,16384,4.529720763063312
2018,2158,16384,4.302521008403361
2019,2159,16384,4.452173913043478
2020,2160,16384,2.0813008130081303
2021,2161,16384,2.3486238532110093
2022,2162,16384,2.327272727272727
2023,2163,16384,2.359447004608295
2024,2164,16384,4.266666666666667
2025,2165,16384,4.571428571428571
2026,2166,16384,4.413793103448276
2027,2167,16384,5.224489795918367
2028,2168,16384,2.1069958847736627
2029,2169,16384,2.3486238532110093
2030,2170,16384,2.3703703703703702
2031,2171,16384,2.348287229468253
2032,2172,16384,4.571428571428571
2033,2173,16384,4.612612612612613
2034,2174,16384,5.12
2035,2175,16384,5.224489795918367
2036,2176,16384,2.089795918367347
2037,2177,16384,2.327272727272727
2038,2178,16384,2.3378995433789953
2039,2179,16384,2.3813953488372093
2040,2180,16384,4.413793103448276
2041,2181,16384,4.612612612612613
2042,2182,16384,5.278350515463917
2043,2183,16384,5.12
2044,2184,16384,2.1067249582101066
2045,2185,16384,2.327272727272727
2046,2186,16384,2.359447004608295
2047,2187,16384,2.359447004608295
2048,2188,16384,4.571428571428571
2049,2189,16384,4.529720763063312
2050,2190,16384,5.019607843137255
2051,2191,16384,5.278350515463917
2052,2192,16384,1.426183844011142
2053,2193,16384,2.3703703703703702
2054,2194,16384,2.3703703703703702
2055,2195,16384,2.3703703703703702
2056,2196,16384,4.529720763063312
2057,2197,16384,4.612612612612613
2058,2198,16384,5.224489795918367
2059,2199,16384,5.224489795918367
2060,2200,16384,2.1067249582101066
2061,2201,16384,2.327272727272727
2062,2202,16384,2.359447004608295
2063,2203,16384,2.3703703703703702
2064,2204,16384,4.4126043630487475
2065,2205,16384,4.491228070175438
2066,2206,16384,5.12
2067,2207,16384,5.278350515463917
2068,2208,16384,2.0237154150197627
2069,2209,16384,2.370713355520185
2070,2210,16384,2.359447004608295
2071,2211,16384,2.2065993265993264
2072,2212,16384,4.530973451327434
2073,2213,16384,4.162601626016261
2074,2214,16384,5.171717171717172
2075,2215,16384,4.612612612612613
2076,2216,16384,2.0726122707147376
2077,2217,16384,2.316742081447964
2078,2218,16384,2.3378995433789953
2079,2219,16384,2.3591072714182864
2080,2220,16384,4.452173913043478
2081,2221,16384,4.612612612612613
2082,2222,16384,5.224489795918367
2083,2223,16384,5.224489795918367
2084,2224,16384,2.089795918367347
2085,2225,16384,2.3703703703703702
2086,2226,16384,2.3813953488372093
2087,2227,16384,2.3378995433789953
2088,2228,16384,4.571428571428571
2089,2229,16384,4.612612612612613
2090,2230,16384,4.830188679245283
2091,2231,16384,5.224489795918367
2092,2232,16384,2.0895293967606174
2093,2233,16384,2.3378995433789953
2094,2234,16384,2.359447004608295
2095,2235,16384,2.3813953488372093
2096,2236,16384,4.491228070175438
2097,2237,16384,4.612612612612613
2098,2238,16384,4.876190476190477
2099,2239,16384,5.171717171717172
2100,2240,16384,2.0728744939271255
2101,2241,16384,2.316742081447964
2102,2242,16384,2.3703703703703702
2103,2243,16384,2.3375659865886718
2104,2244,16384,4.571428571428571
2105,2245,16384,4.571428571428571
2106,2246,16384,5.278350515463917
2107,2247,16384,5.171717171717172
2108,2248,16384,2.089795918367347
2109,2249,16384,2.370027484449588
2110,2250,16384,2.359447004608295
2111,2251,16384,2.3813953488372093
2112,2252,16384,4.452173913043478
2113,2253,16384,4.654545454545454
2114,2254,16384,5.12
2115,2255,16384,5.224489795918367
2116,2256,16384,2.064516129032258
2117,2257,16384,2.316742081447964
2118,2258,16384,2.3703703703703702
2119,2259,16384,2.359447004608295
2120,2260,16384,4.530973451327434
2121,2261,16384,4.491228070175438
2122,2262,16384,5.12
2123,2263,16384,5.224489795918367
2124,2264,16384,2.098360655737705
2125,2265,16384,2.348287229468253
2126,2266,16384,2.359447004608295
2127,2267,16384,2.3378995433789953
2128,2268,16384,4.571428571428571
2129,2269,16384,4.611314382212215
2130,2270,16384,5.12
2131,2271,16384,5.224489795918367
2132,2272,16384,2.0562248995983934
2133,2273,16384,2.327272727272727
2134,2274,16384,2.245614035087719
2135,2275,16384,2.3703703703703702
2136,2276,16384,4.414982484505524
2137,2277,16384,4.571428571428571
2138,2278,16384,5.222824354478801
2139,2279,16384,5.278350515463917
2140,2280,16384,2.1069958847736627
2141,2281,16384,2.3063063063063063
2142,2282,16384,2.359447004608295
2143,2283,16384,2.348287229468253
2144,2284,16384,4.530973451327434
2145,2285,16384,4.338983050847458
2146,2286,16384,5.278350515463917
2147,2287,16384,5.224489795918367
2148,2288,16384,2.098360655737705
2149,2289,16384,2.327272727272727
2150,2290,16384,2.048
2151,2291,16384,2.3703703703703702
2152,2292,16384,4.452173913043478
2153,2293,16384,4.612612612612613
2154,2294,16384,4.876190476190477
2155,2295,16384,5.171717171717172
2156,2296,16384,2.089795918367347
2157,2297,16384,2.316742081447964
2158,2298,16384,2.2755555555555556
2159,2299,16384,2.359447004608295
2160,2300,16384,4.491228070175438
2161,2301,16384,4.491228070175438
2162,2302,16384,5.224489795918367
2163,2303,16384,5.171717171717172
2164,2304,16384,2.0237154150197627
2165,2305,16384,2.3703703703703702
2166,2306,16384,2.3703703703703702
2167,2307,16384,2.359447004608295
2168,2308,16384,4.530973451327434
2169,2309,16384,4.612612612612613
2170,2310,16384,5.278350515463917
2171,2311,16384,5.224489795918367
2172,2312,16384,2.0813008130081303
2173,2313,16384,2.327272727272727
2174,2314,16384,2.359447004608295
2175,2315,16384,2.3486238532110093
2176,2316,16384,4.530973451327434
2177,2317,16384,4.491228070175438
2178,2318,16384,5.12
2179,2319,16384,5.224489795918367
2180,2320,16384,2.098360655737705
2181,2321,16384,2.359447004608295
2182,2322,16384,2.3703703703703702
2183,2323,16384,2.3378995433789953
2184,2324,16384,4.571428571428571
2185,2325,16384,4.571428571428571
2186,2326,16384,5.12
2187,2327,16384,5.22615629984051
2188,2328,16384,2.0728744939271255
2189,2329,16384,2.327272727272727
2190,2330,16384,2.3486238532110093
2191,2331,16384,2.3703703703703702
2192,2332,16384,4.413793103448276
2193,2333,16384,4.19672131147541
2194,2334,16384,5.224489795918367
2195,2335,16384,5.069306930693069
2196,2336,16384,2.0562248995983934
2197,2337,16384,2.3591072714182864
2198,2338,16384,2.3703703703703702
2199,2339,16384,2.3378995433789953
2200,2340,16384,4.530973451327434
2201,2341,16384,4.612612612612613
2202,2342,16384,5.224489795918367
2203,2343,16384,5.069306930693069
2204,2344,16384,2.039840637450199
2205,2345,16384,2.359447004608295
2206,2346,16384,2.3375659865886718
2207,2347,16384,2.3813953488372093
2208,2348,16384,4.338983050847458
2209,2349,16384,4.612612612612613
2210,2350,16384,4.970873786407767
2211,2351,16384,4.970873786407767
2212,2352,16384,2.089795918367347
2213,2353,16384,2.359447004608295
2214,2354,16384,2.3063063063063063
2215,2355,16384,2.3703703703703702
2216,2356,16384,4.231404958677686
2217,2357,16384,4.613911574204449
2218,2358,16384,5.019607843137255
2219,2359,16384,5.12
2220,2360,16384,2.0728744939271255
2221,2361,16384,2.3378995433789953
2222,2362,16384,2.3378995433789953
2223,2363,16384,2.359447004608295
2224,2364,16384,4.491228070175438
2225,2365,16384,4
2226,2366,16384,5.280051563003545
2227,2367,16384,5.171717171717172
2228,2368,16384,2.0728744939271255
2229,2369,16384,2.3591072714182864
2230,2370,16384,2.3813953488372093
2231,2371,16384,2.3591072714182864
2232,2372,16384,4.530973451327434
2233,2373,16384,4.612612612612613
2234,2374,16384,5.224489795918367
2235,2375,16384,5.171717171717172
2236,2376,16384,2.1069958847736627
2237,2377,16384,2.3486238532110093
2238,2378,16384,2.3486238532110093
2239,2379,16384,2.3703703703703702
2240,2380,16384,4.491228070175438
2241,2381,16384,4.530973451327434
2242,2382,16384,5.224489795918367
2243,2383,16384,4.452173913043478
2244,2384,16384,2.0237154150197627
2245,2385,16384,2.348287229468253
2246,2386,16384,2.370027484449588
2247,2387,16384,2.2755555555555556
2248,2388,16384,4.571428571428571
2249,2389,16384,4.413793103448276
2250,2390,16384,5.171717171717172
2251,2391,16384,5.224489795918367
2252,2392,16384,2.064516129032258
2253,2393,16384,2.3813953488372093
2254,2394,16384,2.370027484449588
2255,2395,16384,2.3486238532110093
2256,2396,16384,4.491228070175438
2257,2397,16384,4.613911574204449
2258,2398,16384,5.2766505636070855
2259,2399,16384,5.224489795918367
2260,2400,16384,2.0562248995983934
2261,2401,16384,2.327272727272727
2262,2402,16384,2.392523364485981
2263,2403,16384,2.3813953488372093
2264,2404,16384,4.530973451327434
2265,2405,16384,4.491228070175438
2266,2406,16384,5.12
2267,2407,16384,5.278350515463917
2268,2408,16384,2.089795918367347
2269,2409,16384,2.370027484449588
2270,2410,16384,2.3703703703703702
2271,2411,16384,2.3486238532110093
2272,2412,16384,4.063492063492063
2273,2413,16384,4.571428571428571
2274,2414,16384,5.070875889817394
2275,2415,16384,5.12
2276,2416,16384,2.048
2277,2417,16384,2.317069721397256
2278,2418,16384,2.265486725663717
2279,2419,16384,2.348287229468253
2280,2420,16384,4.413793103448276
2281,2421,16384,4.611314382212215
2282,2422,16384,4.970873786407767
2283,2423,16384,5.019607843137255
2284,2424,16384,2.098360655737705
2285,2425,16384,2.3486238532110093
2286,2426,16384,2.3813953488372093
2287,2427,16384,2.3378995433789953
2288,2428,16384,4.571428571428571
2289,2429,16384,4.612612612612613
2290,2430,16384,5.278350515463917
2291,2431,16384,5.069306930693069
2292,2432,16384,2.098360655737705
2293,2433,16384,2.359447004608295
2294,2434,16384,2.3378995433789953
2295,2435,16384,2.3813953488372093
2296,2436,16384,4.452173913043478
2297,2437,16384,4.612612612612613
2298,2438,16384,5.224489795918367
2299,2439,16384,4.785046728971962
2300,2440,16384,2.098360655737705
2301,2441,16384,2.3378995433789953
2302,2442,16384,2.3486238532110093
2303,2443,16384,2.3486238532110093
2304,2444,16384,4.612612612612613
2305,2445,16384,4.491228070175438
2306,2446,16384,5.224489795918367
2307,2447,16384,5.224489795918367
2308,2448,16384,2.1069958847736627
2309,2449,16384,2.3813953488372093
2310,2450,16384,2.3164145341439277
2311,2451,16384,2.3486238532110093
2312,2452,16384,4.413793103448276
2313,2453,16384,4.653223516046578
2314,2454,16384,5.224489795918367
2315,2455,16384,5.278350515463917
2316,2456,16384,2.031494110353379
2317,2457,16384,2.3486238532110093
2318,2458,16384,2.359447004608295
2319,2459,16384,2.4380952380952383
2320,2460,16384,4.530973451327434
2321,2461,16384,4.530973451327434
2322,2462,16384,5.019607843137255
2323,2463,16384,4.830188679245283
2324,2464,16384,2.1069958847736627
2325,2465,16384,2.359447004608295
2326,2466,16384,2.2551961459050243
2327,2467,16384,2.2164502164502164
2328,2468,16384,4.612612612612613
2329,2469,16384,4.613911574204449
2330,2470,16384,5.12
2331,2471,16384,5.278350515463917
2332,2472,16384,2.115702479338843
2333,2473,16384,2.3269421957108367
2334,2474,16384,2.265486725663717
2335,2475,16384,2.317069721397256
2336,2476,16384,4.452173913043478
2337,2477,16384,4.571428571428571
2338,2478,16384,5.224489795918367
2339,2479,16384,5.278350515463917
2340,2480,16384,2.0728744939271255
2341,2481,16384,2.370713355520185
2342,2482,16384,2.392523364485981
2343,2483,16384,2.2860332077577787
2344,2484,16384,4.612612612612613
2345,2485,16384,4.612612612612613
2346,2486,16384,5.278350515463917
2347,2487,16384,5.12
2348,2488,16384,2.064516129032258
2349,2489,16384,2.359447004608295
2350,2490,16384,2.3375659865886718
2351,2491,16384,2.3703703703703702
2352,2492,16384,4.491228070175438
2353,2493,16384,4.571428571428571
2354,2494,16384,5.278350515463917
2355,2495,16384,5.069306930693069
2356,2496,16384,2.1069958847736627
2357,2497,16384,2.2956424267899678
2358,2498,16384,2.3375659865886718
2359,2499,16384,2.359447004608295
2360,2500,16384,4.571428571428571
2361,2501,16384,4.491228070175438
2362,2502,16384,5.224489795918367
2363,2503,16384,5.224489795918367
2364,2504,16384,2.0155000615081806
2365,2505,16384,2.3703703703703702
2366,2506,16384,2.3703703703703702
2367,2507,16384,2.3378995433789953
2368,2508,16384,4.491228070175438
2369,2509,16384,4.612612612612613
2370,2510,16384,5.278350515463917
2371,2511,16384,5.224489795918367
2372,2512,16384,2.1067249582101066
2373,2513,16384,2.295964125560538
2374,2514,16384,2.359447004608295
2375,2515,16384,2.3813953488372093
2376,2516,16384,4.530973451327434
2377,2517,16384,4.53222683264177
2378,2518,16384,5.171717171717172
2379,2519,16384,5.278350515463917
2380,2520,16384,2.098360655737705
2381,2521,16384,2.3703703703703702
2382,2522,16384,2.2164502164502164
2383,2523,16384,2.359447004608295
2384,2524,16384,4.530973451327434
2385,2525,16384,4.612612612612613
2386,2526,16384,5.12
2387,2527,16384,5.222824354478801
2388,2528,16384,2.0728744939271255
2389,2529,16384,2.3378995433789953
2390,2530,16384,2.3378995433789953
2391,2531,16384,2.3813953488372093
2392,2532,16384,4.413793103448276
2393,2533,16384,4.452173913043478
2394,2534,16384,5.224489795918367
2395,2535,16384,4.654545454545454
2396,2536,16384,2.0980919451914457
2397,2537,16384,2.370027484449588
2398,2538,16384,2.3486238532110093
2399,2539,16384,2.359447004608295
2400,2540,16384,4.571428571428571
2401,2541,16384,4.654545454545454
2402,2542,16384,5.278350515463917
2403,2543,16384,5.278350515463917
2404,2544,16384,2.089795918367347
2405,2545,16384,2.3591072714182864
2406,2546,16384,2.3378995433789953
2407,2547,16384,2.3813953488372093
2408,2548,16384,4.162601626016261
2409,2549,16384,5.224489795918367
2410,2550,16384,5.224489795918367
2411,2551,16384,5.019607843137255
2412,2552,16384,2.0813008130081303
2413,2553,16384,2.317069721397256
2414,2554,16384,2.3486238532110093
2415,2555,16384,2.3378995433789953
2416,2556,16384,4.571428571428571
2417,2557,16384,4.491228070175438
2418,2558,16384,5.224489795918367
2419,2559,16384,5.171717171717172
2420,2560,16384,2.089795918367347
2421,2561,16384,2.359447004608295
2422,2562,16384,2.3703703703703702
2423,2563,16384,2.359447004608295
2424,2564,16384,4.530973451327434
2425,2565,16384,4.612612612612613
2426,2566,16384,5.224489795918367
2427,2567,16384,5.12
2428,2568,16384,2.064516129032258
2429,2569,16384,2.327272727272727
2430,2570,16384,2.3703703703703702
2431,2571,16384,2.3703703703703702
2432,2572,16384,4.031496062992126
2433,2573,16384,4.530973451327434
2434,2574,16384,5.12
2435,2575,16384,4.612612612612613
2436,2576,16384,2.0980919451914457
2437,2577,16384,2.359447004608295
2438,2578,16384,2.3591072714182864
2439,2579,16384,2.3703703703703702
2440,2580,16384,4.571428571428571
2441,2581,16384,4.571428571428571
2442,2582,16384,5.070875889817394
2443,2583,16384,5.224489795918367
2444,2584,16384,2.0728744939271255
2445,2585,16384,2.316742081447964
2446,2586,16384,2.3486238532110093
2447,2587,16384,2.3703703703703702
2448,2588,16384,4.452173913043478
2449,2589,16384,4.530973451327434
2450,2590,16384,5.224489795918367
2451,2591,16384,5.224489795918367
2452,2592,16384,2.0895293967606174
2453,2593,16384,2.359447004608295
2454,2594,16384,2.359447004608295
2455,2595,16384,2.3378995433789953
2456,2596,16384,4.571428571428571
2457,2597,16384,4.612612612612613
2458,2598,16384,5.2766505636070855
2459,2599,16384,5.222824354478801
2460,2600,16384,2.064516129032258
2461,2601,16384,2.370027484449588
2462,2602,16384,2.359447004608295
2463,2603,16384,2.3703703703703702
2464,2604,16384,4.413793103448276
2465,2605,16384,4.570153417015342
2466,2606,16384,4.921598077500751
2467,2607,16384,4.923076923076923
2468,2608,16384,2.0728744939271255
2469,2609,16384,2.327272727272727
2470,2610,16384,2.327272727272727
2471,2611,16384,2.3813953488372093
2472,2612,16384,4.413793103448276
2473,2613,16384,4.571428571428571
2474,2614,16384,4.266666666666667
2475,2615,16384,5.278350515463917
2476,2616,16384,2.0395867048425247
2477,2617,16384,2.3378995433789953
2478,2618,16384,2.2857142857142856
2479,2619,16384,2.3813953488372093
2480,2620,16384,4.301391441323182
2481,2621,16384,4.530973451327434
2482,2622,16384,5.171717171717172
2483,2623,16384,5.278350515463917
2484,2624,16384,2.098360655737705
2485,2625,16384,2.359447004608295
2486,2626,16384,2.3813953488372093
2487,2627,16384,2.3378995433789953
2488,2628,16384,4.571428571428571
2489,2629,16384,4.612612612612613
2490,2630,16384,5.019607843137255
2491,2631,16384,5.17335017366593
2492,2632,16384,2.089795918367347
2493,2633,16384,2.2755555555555556
2494,2634,16384,2.359447004608295
2495,2635,16384,2.3703703703703702
2496,2636,16384,4.491228070175438
2497,2637,16384,4
2498,2638,16384,5.171717171717172
2499,2639,16384,5.069306930693069
2500,2640,16384,2.0726122707147376
2501,2641,16384,2.3486238532110093
2502,2642,16384,2.3378995433789953
2503,2643,16384,2.359447004608295
2504,2644,16384,4
2505,2645,16384,4.413793103448276
2506,2646,16384,5.224489795918367
2507,2647,16384,5.224489795918367
2508,2648,16384,2.1069958847736627
2509,2649,16384,2.265486725663717
2510,2650,16384,2.359447004608295
2511,2651,16384,2.245614035087719
2512,2652,16384,4.530973451327434
2513,2653,16384,4.654545454545454
2514,2654,16384,5.278350515463917
2515,2655,16384,5.278350515463917
2516,2656,16384,2.098360655737705
2517,2657,16384,2.327272727272727
2518,2658,16384,2.3486238532110093
2519,2659,16384,2.245614035087719
2520,2660,16384,4.612612612612613
2521,2661,16384,4.530973451327434
2522,2662,16384,5.12
2523,2663,16384,5.224489795918367
2524,2664,16384,2.1069958847736627
2525,2665,16384,2.3486238532110093
2526,2666,16384,2.359447004608295
2527,2667,16384,2.3703703703703702
2528,2668,16384,4.571428571428571
2529,2669,16384,4.612612612612613
2530,2670,16384,5.12
2531,2671,16384,5.224489795918367
2532,2672,16384,2.064516129032258
2533,2673,16384,2.3063063063063063
2534,2674,16384,2.3486238532110093
2535,2675,16384,2.3703703703703702
2536,2676,16384,4.452173913043478
2537,2677,16384,4.612612612612613
2538,2678,16384,5.224489795918367
2539,2679,16384,5.22615629984051
2540,2680,16384,2.1422594142259412
2541,2681,16384,2.3813953488372093
2542,2682,16384,2.295964125560538
2543,2683,16384,2.245614035087719
2544,2684,16384,4.489997259523157
2545,2685,16384,4.612612612612613
2546,2686,16384,5.278350515463917
2547,2687,16384,5.224489795918367
2548,2688,16384,2.0728744939271255
2549,2689,16384,2.3378995433789953
2550,2690,16384,2.3378995433789953
2551,2691,16384,2.3703703703703702
2552,2692,16384,4.491228070175438
2553,2693,16384,4.571428571428571
2554,2694,16384,5.067738942158986
2555,2695,16384,5.12
2556,2696,16384,2.089795918367347
2557,2697,16384,2.327272727272727
2558,2698,16384,2.3591072714182864
2559,2699,16384,2.359447004608295
2560,2700,16384,4.612612612612613
2561,2701,16384,4.491228070175438
2562,2702,16384,5.222824354478801
2563,2703,16384,5.278350515463917
2564,2704,16384,2.1069958847736627
2565,2705,16384,2.370027484449588
2566,2706,16384,2.3703703703703702
2567,2707,16384,2.245614035087719
2568,2708,16384,4.530973451327434
2569,2709,16384,4.612612612612613
2570,2710,16384,5.278350515463917
2571,2711,16384,5.171717171717172
2572,2712,16384,2.115702479338843
2573,2713,16384,2.3378995433789953
2574,2714,16384,2.2853954526433253
2575,2715,16384,2.3703703703703702
2576,2716,16384,4.338983050847458
2577,2717,16384,4.491228070175438
2578,2718,16384,5.171717171717172
2579,2719,16384,5.278350515463917
2580,2720,16384,2.0728744939271255
2581,2721,16384,2.359447004608295
2582,2722,16384,2.3591072714182864
2583,2723,16384,2.359447004608295
2584,2724,16384,4.571428571428571
2585,2725,16384,4.338983050847458
2586,2726,16384,5.019607843137255
2587,2727,16384,4.739369395429563
2588,2728,16384,2.0728744939271255
2589,2729,16384,2.317069721397256
2590,2730,16384,2.0562248995983934
2591,2731,16384,2.3378995433789953
2592,2732,16384,4.452173913043478
2593,2733,16384,4.654545454545454
2594,2734,16384,4.785046728971962
2595,2735,16384,5.224489795918367
2596,2736,16384,2.1069958847736627
2597,2737,16384,2.3486238532110093
2598,2738,16384,2.3486238532110093
2599,2739,16384,2.4265402843601898
2600,2740,16384,4.530973451327434
2601,2741,16384,4.612612612612613
2602,2742,16384,4.830188679245283
2603,2743,16384,5.224489795918367
2604,2744,16384,2.0813008130081303
2605,2745,16384,2.3486238532110093
2606,2746,16384,2.0813008130081303
2607,2747,16384,2.3703703703703702
2608,2748,16384,4.491228070175438
2609,2749,16384,4.612612612612613
2610,2750,16384,5.278350515463917
2611,2751,16384,5.171717171717172
2612,2752,16384,2.0980919451914457
2613,2753,16384,2.316742081447964
2614,2754,16384,2.359447004608295
2615,2755,16384,2.3591072714182864
2616,2756,16384,4.611314382212215
2617,2757,16384,4.491228070175438
2618,2758,16384,5.22615629984051
2619,2759,16384,5.224489795918367
2620,2760,16384,2.098360655737705
2621,2761,16384,2.370027484449588
2622,2762,16384,2.3813953488372093
2623,2763,16384,2.2755555555555556
2624,2764,16384,4.491228070175438
2625,2765,16384,4.611314382212215
2626,2766,16384,5.224489795918367
2627,2767,16384,4.876190476190477
2628,2768,16384,2.098360655737705
2629,2769,16384,2.3378995433789953
2630,2770,16384,2.3813953488372093
2631,2771,16384,2.3813953488372093
2632,2772,16384,4.19672131147541
2633,2773,16384,4.230312419313194
2634,2774,16384,5.12
2635,2775,16384,5.222824354478801
2636,2776,16384,2.115702479338843
2637,2777,16384,2.3703703703703702
2638,2778,16384,2.370713355520185
2639,2779,16384,2.3486238532110093
2640,2780,16384,4.452173913043478
2641,2781,16384,4.231404958677686
2642,2782,16384,5.069306930693069
2643,2783,16384,5.224489795918367
2644,2784,16384,2.0810364537025277
2645,2785,16384,2.3378995433789953
2646,2786,16384,2.3375659865886718
2647,2787,16384,2.3813953488372093
2648,2788,16384,4.452173913043478
2649,2789,16384,4.612612612612613
2650,2790,16384,5.224489795918367
2651,2791,16384,4.7407407407407405
2652,2792,16384,2.089795918367347
2653,2793,16384,2.3813953488372093
2654,2794,16384,2.4265402843601898
2655,2795,16384,2.370027484449588
2656,2796,16384,4.529720763063312
2657,2797,16384,4.612612612612613
2658,2798,16384,5.12
2659,2799,16384,5.224489795918367
2660,2800,16384,2.089795918367347
2661,2801,16384,2.3378995433789953
2662,2802,16384,2.3378995433789953
2663,2803,16384,2.3703703703703702
2664,2804,16384,4
2665,2805,16384,4.571428571428571
2666,2806,16384,5.224489795918367
2667,2807,16384,5.069306930693069
2668,2808,16384,2.1067249582101066
2669,2809,16384,2.3378995433789953
2670,2810,16384,2.359447004608295
2671,2811,16384,2.2555066079295156
2672,2812,16384,4.571428571428571
2673,2813,16384,4.452173913043478
2674,2814,16384,4.452173913043478
2675,2815,16384,5.171717171717172
2676,2816,16384,2.098360655737705
2677,2817,16384,2.359447004608295
2678,2818,16384,2.316742081447964
2679,2819,16384,2.3486238532110093
2680,2820,16384,4.452173913043478
2681,2821,16384,4.612612612612613
2682,2822,16384,5.12
2683,2823,16384,5.22615629984051
2684,2824,16384,2.0728744939271255
2685,2825,16384,2.2853954526433253
2686,2826,16384,2.2555066079295156
2687,2827,16384,2.39217404000584
2688,2828,16384,4.414982484505524
2689,2829,16384,4.452173913043478
2690,2830,16384,5.12
2691,2831,16384,4.830188679245283
2692,2832,16384,2.115702479338843
2693,2833,16384,2.3703703703703702
2694,2834,16384,2.3703703703703702
2695,2835,16384,2.359447004608295
2696,2836,16384,4.530973451327434
2697,2837,16384,4.571428571428571
2698,2838,16384,5.12
2699,2839,16384,4.876190476190477
2700,2840,16384,2.0728744939271255
2701,2841,16384,2.359447004608295
2702,2842,16384,2.3378995433789953
2703,2843,16384,2.317069721397256
2704,2844,16384,4.266666666666667
2705,2845,16384,4.571428571428571
2706,2846,16384,5.224489795918367
2707,2847,16384,5.222824354478801
2708,2848,16384,2.0562248995983934
2709,2849,16384,2.3486238532110093
2710,2850,16384,2.2755555555555556
2711,2851,16384,2.3486238532110093
2712,2852,16384,4.613911574204449
2713,2853,16384,4.571428571428571
2714,2854,16384,5.224489795918367
2715,2855,16384,5.222824354478801
2716,2856,16384,2.0317460317460316
2717,2857,16384,2.359447004608295
2718,2858,16384,2.3375659865886718
2719,2859,16384,2.226086956521739
2720,2860,16384,4.413793103448276
2721,2861,16384,4.612612612612613
2722,2862,16384,4.969366090385199
2723,2863,16384,4.970873786407767
2724,2864,16384,2.0813008130081303
2725,2865,16384,2.2857142857142856
2726,2866,16384,2.3486238532110093
2727,2867,16384,2.359447004608295
2728,2868,16384,4.266666666666667
2729,2869,16384,4.612612612612613
2730,2870,16384,4.970873786407767
2731,2871,16384,5.224489795918367
2732,2872,16384,2.089795918367347
2733,2873,16384,2.327272727272727
2734,2874,16384,2.327272727272727
2735,2875,16384,2.370027484449588
2736,2876,16384,4.302521008403361
2737,2877,16384,4.611314382212215
2738,2878,16384,5.224489795918367
2739,2879,16384,5.171717171717172
2740,2880,16384,2.1069958847736627
2741,2881,16384,2.359447004608295
2742,2882,16384,2.381049266095044
2743,2883,16384,2.327272727272727
2744,2884,16384,4.571428571428571
2745,2885,16384,4.452173913043478
2746,2886,16384,5.224489795918367
2747,2887,16384,5.224489795918367
2748,2888,16384,2.1069958847736627
2749,2889,16384,2.2755555555555556
2750,2890,16384,2.3486238532110093
2751,2891,16384,2.3486238532110093
2752,2892,16384,4.452173913043478
2753,2893,16384,4.612612612612613
2754,2894,16384,5.224489795918367
2755,2895,16384,5.019607843137255
2756,2896,16384,2.0562248995983934
2757,2897,16384,2.3375659865886718
2758,2898,16384,2.3486238532110093
2759,2899,16384,2.327272727272727
2760,2900,16384,4.570153417015342
2761,2901,16384,3.878787878787879
2762,2902,16384,5.224489795918367
2763,2903,16384,5.069306930693069
2764,2904,16384,2.1067249582101066
2765,2905,16384,2.2453062902562695
2766,2906,16384,2.3486238532110093
2767,2907,16384,2.3813953488372093
2768,2908,16384,4.530973451327434
2769,2909,16384,4.491228070175438
2770,2910,16384,5.224489795918367
2771,2911,16384,5.278350515463917
2772,2912,16384,2.1971302132224757
2773,2913,16384,2.316742081447964
2774,2914,16384,2.359447004608295
2775,2915,16384,2.359447004608295
2776,2916,16384,4.571428571428571
2777,2917,16384,4.491228070175438
2778,2918,16384,5.069306930693069
2779,2919,16384,5.224489795918367
2780,2920,16384,2.0728744939271255
2781,2921,16384,2.359447004608295
2782,2922,16384,2.295964125560538
2783,2923,16384,2.3703703703703702
2784,2924,16384,4.571428571428571
2785,2925,16384,4.654545454545454
2786,2926,16384,5.019607843137255
2787,2927,16384,4.654545454545454
2788,2928,16384,2.0728744939271255
2789,2929,16384,2.3063063063063063
2790,2930,16384,2.316742081447964
2791,2931,16384,2.392523364485981
2792,2932,16384,4.491228070175438
2793,2933,16384,4.571428571428571
2794,2934,16384,5.224489795918367
2795,2935,16384,5.224489795918367
2796,2936,16384,2.0726122707147376
2797,2937,16384,2.3703703703703702
2798,2938,16384,2.3703703703703702
2799,2939,16384,2.3375659865886718
2800,2940,16384,4.571428571428571
2801,2941,16384,4.654545454545454
2802,2942,16384,5.069306930693069
2803,2943,16384,5.224489795918367
2804,2944,16384,2.098360655737705
2805,2945,16384,2.3486238532110093
2806,2946,16384,2.3375659865886718
2807,2947,16384,2.359447004608295
2808,2948,16384,4.491228070175438
2809,2949,16384,4.654545454545454
2810,2950,16384,4.970873786407767
2811,2951,16384,4.530973451327434
2812,2952,16384,2.064516129032258
2813,2953,16384,2.316742081447964
2814,2954,16384,2.3486238532110093
2815,2955,16384,2.265486725663717
2816,2956,16384,4.530973451327434
2817,2957,16384,4.266666666666667
2818,2958,16384,5.278350515463917
2819,2959,16384,4.970873786407767
2820,2960,16384,2.0728744939271255
2821,2961,16384,2.359447004608295
2822,2962,16384,2.3703703703703702
2823,2963,16384,2.3813953488372093
2824,2964,16384,4.491228070175438
2825,2965,16384,4.612612612612613
2826,2966,16384,5.224489795918367
2827,2967,16384,5.224489795918367
2828,2968,16384,2.1154293092317626
2829,2969,16384,2.295964125560538
2830,2970,16384,2.359447004608295
2831,2971,16384,2.3703703703703702
2832,2972,16384,4.571428571428571
2833,2973,16384,4.530973451327434
2834,2974,16384,5.12
2835,2975,16384,5.224489795918367
2836,2976,16384,2.0813008130081303
2837,2977,16384,2.3703703703703702
2838,2978,16384,2.3703703703703702
2839,2979,16384,2.359447004608295
2840,2980,16384,4.302521008403361
2841,2981,16384,4.413793103448276
2842,2982,16384,5.019607843137255
2843,2983,16384,5.224489795918367
2844,2984,16384,2.064516129032258
2845,2985,16384,2.316742081447964
2846,2986,16384,2.3486238532110093
2847,2987,16384,2.3486238532110093
2848,2988,16384,4.338983050847458
2849,2989,16384,4.612612612612613
2850,2990,16384,5.278350515463917
2851,2991,16384,5.12
2852,2992,16384,2.1072668810289388
2853,2993,16384,2.3813953488372093
2854,2994,16384,2.381049266095044
2855,2995,16384,2.348287229468253
2856,2996,16384,4.571428571428571
2857,2997,16384,4.530973451327434
2858,2998,16384,5.222824354478801
2859,2999,16384,5.224489795918367
2860,3000,16384,2.1069958847736627
2861,3001,16384,2.3486238532110093
2862,3002,16384,2.3269421957108367
2863,3003,16384,2.3703703703703702
2864,3004,16384,4.489997259523157
2865,3005,16384,4.611314382212215
2866,3006,16384,5.224489795918367
2867,3007,16384,4.697247706422019
2868,3008,16384,2.098360655737705
2869,3009,16384,2.316742081447964
2870,3010,16384,2.3486238532110093
2871,3011,16384,2.359447004608295
2872,3012,16384,4.530973451327434
2873,3013,16384,4.452173913043478
2874,3014,16384,5.278350515463917
2875,3015,16384,5.224489795918367
2876,3016,16384,2.1067249582101066
2877,3017,16384,2.3703703703703702
2878,3018,16384,2.3486238532110093
2879,3019,16384,2.359447004608295
2880,3020,16384,4.530973451327434
2881,3021,16384,4.612612612612613
2882,3022,16384,5.224489795918367
2883,3023,16384,5.278350515463917
2884,3024,16384,2.048
2885,3025,16384,2.348287229468253
2886,3026,16384,2.245614035087719
2887,3027,16384,2.317069721397256
2888,3028,16384,4.571428571428571
2889,3029,16384,4.530973451327434
2890,3030,16384,4.970873786407767
2891,3031,16384,5.224489795918367
2892,3032,16384,2.0477440319960003
2893,3033,16384,2.3703703703703702
2894,3034,16384,2.3703703703703702
2895,3035,16384,2.3813953488372093
2896,3036,16384,4.530973451327434
2897,3037,16384,4.612612612612613
2898,3038,16384,4.923076923076923
2899,3039,16384,4.697247706422019
2900,3040,16384,2.0728744939271255
2901,3041,16384,2.348287229468253
2902,3042,16384,2.3486238532110093
2903,3043,16384,2.359447004608295
2904,3044,16384,4.489997259523157
2905,3045,16384,4.571428571428571
2906,3046,16384,5.069306930693069
2907,3047,16384,5.224489795918367
2908,3048,16384,2.115702479338843
2909,3049,16384,2.3703703703703702
2910,3050,16384,2.3813953488372093
2911,3051,16384,2.3378995433789953
2912,3052,16384,4.612612612612613
2913,3053,16384,4.612612612612613
2914,3054,16384,4.654545454545454
2915,3055,16384,5.224489795918367
2916,3056,16384,2.115702479338843
2917,3057,16384,2.3486238532110093
2918,3058,16384,2.3382331953760525
2919,3059,16384,2.359447004608295
2920,3060,16384,4.530973451327434
2921,3061,16384,4.571428571428571
2922,3062,16384,4.923076923076923
2923,3063,16384,5.171717171717172
2924,3064,16384,2.1247568408766697
2925,3065,16384,2.3486238532110093
2926,3066,16384,2.370027484449588
2927,3067,16384,2.359447004608295
2928,3068,16384,4.530973451327434
2929,3069,16384,4.530973451327434
2930,3070,16384,5.278350515463917
2931,3071,16384,5.278350515463917
2932,3072,16384,2.1069958847736627
2933,3073,16384,2.3703703703703702
2934,3074,16384,2.359447004608295
2935,3075,16384,2.3703703703703702
2936,3076,16384,4.266666666666667
2937,3077,16384,4.571428571428571
2938,3078,16384,5.224489795918367
2939,3079,16384,5.019607843137255
2940,3080,16384,2.1154293092317626
2941,3081,16384,2.3378995433789953
2942,3082,16384,2.2555066079295156
2943,3083,16384,2.327272727272727
2944,3084,16384,4.571428571428571
2945,3085,16384,4.452173913043478
2946,3086,16384,5.12
2947,3087,16384,5.278350515463917
2948,3088,16384,2.0562248995983934
2949,3089,16384,2.359447004608295
2950,3090,16384,2.359447004608295
2951,3091,16384,2.316742081447964
2952,3092,16384,4.612612612612613
2953,3093,16384,4.611314382212215
2954,3094,16384,5.069306930693069
2955,3095,16384,4.923076923076923
2956,3096,16384,2.064256016127
2957,3097,16384,2.2755555555555556
2958,3098,16384,2.3269421957108367
2959,3099,16384,2.3703703703703702
2960,3100,16384,4.302521008403361
2961,3101,16384,4.612612612612613
2962,3102,16384,5.278350515463917
2963,3103,16384,5.280051563003545
2964,3104,16384,2.0980919451914457
2965,3105,16384,2.3703703703703702
2966,3106,16384,2.3813953488372093
2967,3107,16384,2.3378995433789953
2968,3108,16384,4.3760683760683765
2969,3109,16384,4.231404958677686
2970,3110,16384,5.224489795918367
2971,3111,16384,5.278350515463917
2972,3112,16384,2.1069958847736627
2973,3113,16384,2.3378995433789953
2974,3114,16384,2.3486238532110093
2975,3115,16384,2.3378995433789953
2976,3116,16384,4.491228070175438
2977,3117,16384,4.611314382212215
2978,3118,16384,5.171717171717172
2979,3119,16384,5.224489795918367
2980,3120,16384,2.1067249582101066
2981,3121,16384,2.370027484449588
2982,3122,16384,2.048
2983,3123,16384,2.359447004608295
2984,3124,16384,4.266666666666667
2985,3125,16384,4.654545454545454
2986,3126,16384,5.019607843137255
2987,3127,16384,5.170085200378669
2988,3128,16384,2.0237154150197627
2989,3129,16384,2.3269421957108367
2990,3130,16384,2.327272727272727
2991,3131,16384,2.3378995433789953
2992,3132,16384,4.303651168899396
2993,3133,16384,4.530973451327434
2994,3134,16384,4.452173913043478
2995,3135,16384,5.222824354478801
2996,3136,16384,2.0813008130081303
2997,3137,16384,2.3486238532110093
2998,3138,16384,2.098360655737705
2999,3139,16384,2.327272727272727
3000,3140,16384,4.571428571428571
3001,3141,16384,4.413793103448276
3002,3142,16384,5.019607843137255
3003,3143,16384,5.171717171717172
3004,3144,16384,2.0728744939271255
3005,3145,16384,2.3813953488372093
3006,3146,16384,2.3378995433789953
3007,3147,16384,2.3486238532110093
3008,3148,16384,4.096
3009,3149,16384,4.613911574204449
3010,3150,16384,4.413793103448276
3011,3151,16384,4.970873786407767
3012,3152,16384,2.0317460317460316
3013,3153,16384,2.3486238532110093
3014,3154,16384,2.2857142857142856
3015,3155,16384,2.3378995433789953
3016,3156,16384,4.491228070175438
3017,3157,16384,4.413793103448276
3018,3158,16384,5.171717171717172
3019,3159,16384,5.069306930693069
3020,3160,16384,2.0980919451914457
3021,3161,16384,2.4150943396226414
3022,3162,16384,2.3164145341439277
3023,3163,16384,2.295964125560538
3024,3164,16384,4.452173913043478
3025,3165,16384,4.654545454545454
3026,3166,16384,5.019607843137255
3027,3167,16384,5.069306930693069
3028,3168,16384,2.089795918367347
3029,3169,16384,2.316742081447964
3030,3170,16384,2.3378995433789953
3031,3171,16384,2.3486238532110093
3032,3172,16384,4.452173913043478
3033,3173,16384,4.530973451327434
3034,3174,16384,5.019607843137255
3035,3175,16384,5.224489795918367
3036,3176,16384,2.0810364537025277
3037,3177,16384,2.327272727272727
3038,3178,16384,2.348287229468253
3039,3179,16384,2.359447004608295
3040,3180,16384,4.530973451327434
3041,3181,16384,4.489997259523157
3042,3182,16384,5.069306930693069
3043,3183,16384,5.224489795918367
3044,3184,16384,2.0813008130081303
3045,3185,16384,2.3703703703703702
3046,3186,16384,2.327272727272727
3047,3187,16384,2.3378995433789953
3048,3188,16384,4.452173913043478
3049,3189,16384,4.571428571428571
3050,3190,16384,5.224489795918367
3051,3191,16384,5.12
3052,3192,16384,2.0728744939271255
3053,3193,16384,2.327272727272727
3054,3194,16384,2.3378995433789953
3055,3195,16384,2.359447004608295
3056,3196,16384,4.231404958677686
3057,3197,16384,4.530973451327434
3058,3198,16384,5.171717171717172
3059,3199,16384,5.019607843137255
3060,3200,16384,2.0895293967606174
3061,3201,16384,2.3703703703703702
3062,3202,16384,2.3269421957108367
3063,3203,16384,2.3486238532110093
3064,3204,16384,4.414982484505524
3065,3205,16384,4.302521008403361
3066,3206,16384,5.019607843137255
3067,3207,16384,5.069306930693069
3068,3208,16384,2.048
3069,3209,16384,2.3378995433789953
3070,3210,16384,2.3591072714182864
3071,3211,16384,2.3063063063063063
3072,3212,16384,4.491228070175438
3073,3213,16384,4.3760683760683765
3074,3214,16384,5.12
3075,3215,16384,5.224489795918367
3076,3216,16384,2.0813008130081303
3077,3217,16384,2.3375659865886718
3078,3218,16384,2.359447004608295
3079,3219,16384,2.3378995433789953
3080,3220,16384,4.491228070175438
3081,3221,16384,4.491228070175438
3082,3222,16384,4.970873786407767
3083,3223,16384,5.171717171717172
3084,3224,16384,2.0726122707147376
3085,3225,16384,2.359447004608295
3086,3226,16384,2.3378995433789953
3087,3227,16384,2.3489605734767025
3088,3228,16384,4.452173913043478
3089,3229,16384,4.571428571428571
3090,3230,16384,5.118400499843799
3091,3231,16384,5.12
3092,3232,16384,2.0813008130081303
3093,3233,16384,2.327272727272727
3094,3234,16384,2.327272727272727
3095,3235,16384,2.3378995433789953
3096,3236,16384,4.414982484505524
3097,3237,16384,4.491228070175438
3098,3238,16384,5.224489795918367
3099,3239,16384,5.019607843137255
3100,3240,16384,2.0562248995983934
3101,3241,16384,2.3486238532110093
3102,3242,16384,2.3378995433789953
3103,3243,16384,2.3486238532110093
3104,3244,16384,4.302521008403361
3105,3245,16384,4.612612612612613
3106,3246,16384,4.654545454545454
3107,3247,16384,5.018070444104135
3108,3248,16384,2.0810364537025277
3109,3249,16384,2.3378995433789953
3110,3250,16384,2.359447004608295
3111,3251,16384,2.3378995433789953
3112,3252,16384,4.452173913043478
3113,3253,16384,4.491228070175438
3114,3254,16384,5.067738942158986
3115,3255,16384,5.171717171717172
3116,3256,16384,2.0728744939271255
3117,3257,16384,2.3378995433789953
3118,3258,16384,2.3813953488372093
3119,3259,16384,2.3486238532110093
3120,3260,16384,4.301391441323182
3121,3261,16384,4.491228070175438
3122,3262,16384,5.069306930693069
3123,3263,16384,5.2766505636070855
3124,3264,16384,2.0813008130081303
3125,3265,16384,2.359447004608295
3126,3266,16384,2.0728744939271255
3127,3267,16384,2.3486238532110093
3128,3268,16384,4.491228070175438
3129,3269,16384,4.530973451327434
3130,3270,16384,5.224489795918367
3131,3271,16384,5.12
3132,3272,16384,2.0813008130081303
3133,3273,16384,2.2755555555555556
3134,3274,16384,2.3378995433789953
3135,3275,16384,2.3378995433789953
3136,3276,16384,4.491228070175438
3137,3277,16384,4.491228070175438
3138,3278,16384,5.224489795918367
3139,3279,16384,4.970873786407767
3140,3280,16384,2.1067249582101066
3141,3281,16384,2.3703703703703702
3142,3282,16384,2.3063063063063063
3143,3283,16384,2.226086956521739
3144,3284,16384,4.452173913043478
3145,3285,16384,4.612612612612613
3146,3286,16384,5.069306930693069
3147,3287,16384,5.12
3148,3288,16384,2.0562248995983934
3149,3289,16384,2.348287229468253
3150,3290,16384,2.245614035087719
3151,3291,16384,2.265486725663717
3152,3292,16384,4.452173913043478
3153,3293,16384,4.530973451327434
3154,3294,16384,5.067738942158986
3155,3295,16384,5.224489795918367
3156,3296,16384,2.0813008130081303
3157,3297,16384,2.3489605734767025
3158,3298,16384,2.3591072714182864
3159,3299,16384,2.3378995433789953
3160,3300,16384,4.571428571428571
3161,3301,16384,4.491228070175438
3162,3302,16384,4.876190476190477
3163,3303,16384,5.224489795918367
3164,3304,16384,2.089795918367347
3165,3305,16384,2.3703703703703702
3166,3306,16384,2.327272727272727
3167,3307,16384,2.295964125560538
3168,3308,16384,4.491228070175438
3169,3309,16384,4.571428571428571
3170,3310,16384,5.224489795918367
3171,3311,16384,4.7407407407407405
3172,3312,16384,2.064516129032258
3173,3313,16384,2.265486725663717
3174,3314,16384,2.327272727272727
3175,3315,16384,2.3591072714182864
3176,3316,16384,4.491228070175438
3177,3317,16384,4.530973451327434
3178,3318,16384,5.171717171717172
3179,3319,16384,4.970873786407767
3180,3320,16384,2.098360655737705
3181,3321,16384,2.359447004608295
3182,3322,16384,2.3063063063063063
3183,3323,16384,2.3063063063063063
3184,3324,16384,4.452173913043478
3185,3325,16384,4.571428571428571
3186,3326,16384,4.654545454545454
3187,3327,16384,5.067738942158986
3188,3328,16384,2.0728744939271255
3189,3329,16384,2.3378995433789953
3190,3330,16384,2.370713355520185
3191,3331,16384,2.3378995433789953
3192,3332,16384,4.452173913043478
3193,3333,16384,4.491228070175438
3194,3334,16384,5.12
3195,3335,16384,5.171717171717172
3196,3336,16384,2.015748031496063
3197,3337,16384,2.316742081447964
3198,3338,16384,2.359447004608295
3199,3339,16384,2.316742081447964
3200,3340,16384,4.612612612612613
3201,3341,16384,4.530973451327434
3202,3342,16384,5.019607843137255
3203,3343,16384,5.278350515463917
3204,3344,16384,2.015748031496063
3205,3345,16384,2.316742081447964
3206,3346,16384,2.3378995433789953
3207,3347,16384,2.327272727272727
3208,3348,16384,4.530973451327434
3209,3349,16384,4.611314382212215
3210,3350,16384,5.224489795918367
3211,3351,16384,5.12
3212,3352,16384,2.0813008130081303
3213,3353,16384,2.327272727272727
3214,3354,16384,2.359447004608295
3215,3355,16384,2.316742081447964
3216,3356,16384,4.491228070175438
3217,3357,16384,4.338983050847458
3218,3358,16384,4.969366090385199
3219,3359,16384,5.019607843137255
3220,3360,16384,2.089795918367347
3221,3361,16384,2.359447004608295
3222,3362,16384,2.3375659865886718
3223,3363,16384,2.3378995433789953
3224,3364,16384,4.491228070175438
3225,3365,16384,4.611314382212215
3226,3366,16384,4.923076923076923
3227,3367,16384,5.069306930693069
3228,3368,16384,2.055966871627557
3229,3369,16384,2.3486238532110093
3230,3370,16384,2.3703703703703702
3231,3371,16384,2.359447004608295
3232,3372,16384,4.571428571428571
3233,3373,16384,4.612612612612613
3234,3374,16384,4.876190476190477
3235,3375,16384,4.697247706422019
3236,3376,16384,2.048
3237,3377,16384,2.348287229468253
3238,3378,16384,2.3703703703703702
3239,3379,16384,2.3378995433789953
3240,3380,16384,4.571428571428571
3241,3381,16384,4.612612612612613
3242,3382,16384,5.171717171717172
3243,3383,16384,4.830188679245283
3244,3384,16384,2.0895293967606174
3245,3385,16384,2.3486238532110093
3246,3386,16384,2.3591072714182864
3247,3387,16384,2.3486238532110093
3248,3388,16384,4.571428571428571
3249,3389,16384,4.654545454545454
3250,3390,16384,5.171717171717172
3251,3391,16384,4.830188679245283
3252,3392,16384,2.0813008130081303
3253,3393,16384,2.3703703703703702
3254,3394,16384,2.3703703703703702
3255,3395,16384,2.295964125560538
3256,3396,16384,4.530973451327434
3257,3397,16384,4.338983050847458
3258,3398,16384,4.876190476190477
3259,3399,16384,4.489997259523157
3260,3400,16384,2.1069958847736627
3261,3401,16384,2.348287229468253
3262,3402,16384,2.3486238532110093
3263,3403,16384,2.3591072714182864
3264,3404,16384,4.491228070175438
3265,3405,16384,4.654545454545454
3266,3406,16384,5.278350515463917
3267,3407,16384,5.069306930693069
3268,3408,16384,2.1069958847736627
3269,3409,16384,2.359447004608295
3270,3410,16384,2.3703703703703702
3271,3411,16384,2.3486238532110093
3272,3412,16384,4.571428571428571
3273,3413,16384,4.571428571428571
3274,3414,16384,5.278350515463917
3275,3415,16384,4.923076923076923
3276,3416,16384,2.098360655737705
3277,3417,16384,2.370027484449588
3278,3418,16384,2.3703703703703702
3279,3419,16384,2.3486238532110093
3280,3420,16384,4.530973451327434
3281,3421,16384,4.612612612612613
3282,3422,16384,5.224489795918367
3283,3423,16384,5.171717171717172
3284,3424,16384,2.089795918367347
3285,3425,16384,2.359447004608295
3286,3426,16384,2.3813953488372093
3287,3427,16384,2.359447004608295
3288,3428,16384,4.571428571428571
3289,3429,16384,4.654545454545454
3290,3430,16384,5.22615629984051
3291,3431,16384,5.224489795918367
3292,3432,16384,2.007843137254902
3293,3433,16384,2.392523364485981
3294,3434,16384,2.3703703703703702
3295,3435,16384,2.3813953488372093
3296,3436,16384,4.374899866488652
3297,3437,16384,4.612612612612613
3298,3438,16384,5.12
3299,3439,16384,4.969366090385199
3300,3440,16384,2.098360655737705
3301,3441,16384,2.359447004608295
3302,3442,16384,2.3703703703703702
3303,3443,16384,2.3703703703703702
3304,3444,16384,4.530973451327434
3305,3445,16384,4.571428571428571
3306,3446,16384,5.171717171717172
3307,3447,16384,5.278350515463917
3308,3448,16384,2.0562248995983934
3309,3449,16384,2.3486238532110093
3310,3450,16384,2.3813953488372093
3311,3451,16384,2.3378995433789953
3312,3452,16384,4.571428571428571
3313,3453,16384,4.612612612612613
3314,3454,16384,4.923076923076923
3315,3455,16384,5.171717171717172
3316,3456,16384,2.0728744939271255
3317,3457,16384,2.3375659865886718
3318,3458,16384,2.3486238532110093
3319,3459,16384,2.359447004608295
3320,3460,16384,4.571428571428571
3321,3461,16384,4.529720763063312
3322,3462,16384,4.785046728971962
3323,3463,16384,5.224489795918367
3324,3464,16384,2.064516129032258
3325,3465,16384,2.3486238532110093
3326,3466,16384,2.3703703703703702
3327,3467,16384,2.3486238532110093
3328,3468,16384,3.9990236758603857
3329,3469,16384,4.530973451327434
3330,3470,16384,4.830188679245283
3331,3471,16384,5.171717171717172
3332,3472,16384,2.0813008130081303
3333,3473,16384,2.3486238532110093
3334,3474,16384,2.3703703703703702
3335,3475,16384,2.359447004608295
3336,3476,16384,4.571428571428571
3337,3477,16384,4.266666666666667
3338,3478,16384,5.12
3339,3479,16384,5.171717171717172
3340,3480,16384,2.089795918367347
3341,3481,16384,2.359447004608295
3342,3482,16384,2.359447004608295
3343,3483,16384,2.3486238532110093
3344,3484,16384,4.571428571428571
3345,3485,16384,4.450964411844607
3346,3486,16384,5.118400499843799
3347,3487,16384,5.224489795918367
3348,3488,16384,2.064256016127
3349,3489,16384,2.3378995433789953
3350,3490,16384,2.3813953488372093
3351,3491,16384,2.359447004608295
3352,3492,16384,4.571428571428571
3353,3493,16384,4.340132450331126
3354,3494,16384,4.785046728971962
3355,3495,16384,4.970873786407767
3356,3496,16384,2.089795918367347
3357,3497,16384,2.3486238532110093
3358,3498,16384,2.359447004608295
3359,3499,16384,2.348287229468253
3360,3500,16384,3.9384615384615387
3361,3501,16384,4
3362,3502,16384,5.171717171717172
3363,3503,16384,5.222824354478801
3364,3504,16384,2.0562248995983934
3365,3505,16384,2.3591072714182864
3366,3506,16384,2.359447004608295
3367,3507,16384,2.359447004608295
3368,3508,16384,4.571428571428571
3369,3509,16384,4.571428571428571
3370,3510,16384,5.12
3371,3511,16384,5.224489795918367
3372,3512,16384,2.089795918367347
3373,3513,16384,2.3703703703703702
3374,3514,16384,2.381049266095044
3375,3515,16384,2.359447004608295
3376,3516,16384,4.571428571428571
3377,3517,16384,4.530973451327434
3378,3518,16384,5.171717171717172
3379,3519,16384,5.224489795918367
3380,3520,16384,2.089795918367347
3381,3521,16384,2.359447004608295
3382,3522,16384,2.3703703703703702
3383,3523,16384,2.359447004608295
3384,3524,16384,4.570153417015342
3385,3525,16384,4.571428571428571
3386,3526,16384,4.785046728971962
3387,3527,16384,4.830188679245283
3388,3528,16384,2.0813008130081303
3389,3529,16384,2.2956424267899678
3390,3530,16384,2.3486238532110093
3391,3531,16384,2.359447004608295
3392,3532,16384,4.571428571428571
3393,3533,16384,4.530973451327434
3394,3534,16384,5.069306930693069
3395,3535,16384,5.222824354478801
3396,3536,16384,2.0562248995983934
3397,3537,16384,2.3378995433789953
3398,3538,16384,2.3703703703703702
3399,3539,16384,2.3063063063063063
3400,3540,16384,4.571428571428571
3401,3541,16384,4.491228070175438
3402,3542,16384,5.171717171717172
3403,3543,16384,4.654545454545454
3404,3544,16384,2.089795918367347
3405,3545,16384,2.3486238532110093
3406,3546,16384,2.359447004608295
3407,3547,16384,2.3591072714182864
3408,3548,16384,4.571428571428571
3409,3549,16384,4.530973451327434
3410,3550,16384,4.195646606914212
3411,3551,16384,5.224489795918367
3412,3552,16384,2.0813008130081303
3413,3553,16384,2.3063063063063063
3414,3554,16384,2.3703703703703702
3415,3555,16384,2.359447004608295
3416,3556,16384,4.572704437622105
3417,3557,16384,4.571428571428571
3418,3558,16384,5.171717171717172
3419,3559,16384,5.278350515463917
3420,3560,16384,2.098360655737705
3421,3561,16384,2.295964125560538
3422,3562,16384,2.3813953488372093
3423,3563,16384,2.3486238532110093
3424,3564,16384,4.571428571428571
3425,3565,16384,4.530973451327434
3426,3566,16384,5.12
3427,3567,16384,5.222824354478801
3428,3568,16384,2.0815652394867232
3429,3569,16384,2.359447004608295
3430,3570,16384,2.3813953488372093
3431,3571,16384,2.359447004608295
3432,3572,16384,4.571428571428571
3433,3573,16384,4.571428571428571
3434,3574,16384,4.785046728971962
3435,3575,16384,4.7407407407407405
3436,3576,16384,2.064516129032258
3437,3577,16384,2.3703703703703702
3438,3578,16384,2.392523364485981
3439,3579,16384,2.370027484449588
3440,3580,16384,4.613911574204449
3441,3581,16384,4.571428571428571
3442,3582,16384,5.069306930693069
3443,3583,16384,4.612612612612613
