idx,og Index,data (B),bandwidth (GB/s)
0,0,16384,4.063492063492063
1,1,16384,5.12
2,2,16384,5.224489795918367
3,3,16384,5.019607843137255
4,4,16384,3.5804195804195804
5,5,16384,4.489997259523157
6,6,16384,5.018070444104135
7,7,16384,5.224489795918367
8,8,16384,3.683453237410072
9,9,16384,4.338983050847458
10,10,16384,5.222824354478801
11,11,16384,5.019607843137255
12,12,16384,3.7093049581163684
13,13,16384,4.413793103448276
14,14,16384,5.224489795918367
15,15,16384,4.7407407407407405
16,16,16384,3.5555555555555554
17,17,16384,4.338983050847458
18,18,16384,5.17335017366593
19,19,16384,5.069306930693069
20,20,16384,3.5555555555555554
21,21,16384,4.491228070175438
22,22,16384,4.830188679245283
23,23,16384,5.170085200378669
24,24,16384,3.506849315068493
25,25,16384,4.530973451327434
26,26,16384,5.171717171717172
27,27,16384,5.278350515463917
28,28,16384,3.5804195804195804
29,29,16384,4.492459555799287
30,30,16384,5.224489795918367
31,31,16384,5.019607843137255
32,32,16384,3.4126223703395127
33,33,16384,4.302521008403361
34,34,16384,5.224489795918367
35,35,16384,5.069306930693069
36,36,16384,3.5310344827586206
37,37,16384,4.530973451327434
38,38,16384,5.12
39,39,16384,5.224489795918367
40,40,16384,3.683453237410072
41,41,16384,4.266666666666667
42,42,16384,5.171717171717172
43,43,16384,5.019607843137255
44,44,16384,3.710144927536232
45,45,16384,4.530973451327434
46,46,16384,5.278350515463917
47,47,16384,5.019607843137255
48,48,16384,3.5804195804195804
49,49,16384,4.530973451327434
50,50,16384,5.067738942158986
51,51,16384,5.278350515463917
52,52,16384,3.683453237410072
53,53,16384,4.452173913043478
54,54,16384,4.923076923076923
55,55,16384,5.019607843137255
56,56,16384,3.6056338028169015
57,57,16384,4.530973451327434
58,58,16384,5.171717171717172
59,59,16384,5.019607843137255
60,60,16384,3.631205673758865
61,61,16384,4.530973451327434
62,62,16384,5.12
63,63,16384,5.278350515463917
64,64,16384,3.683453237410072
65,65,16384,4.491228070175438
66,66,16384,5.224489795918367
67,67,16384,4.785046728971962
68,68,16384,3.683453237410072
69,69,16384,4.492459555799287
70,70,16384,5.222824354478801
71,71,16384,5.069306930693069
72,72,16384,3.6056338028169015
73,73,16384,4.530973451327434
74,74,16384,5.069306930693069
75,75,16384,5.019607843137255
76,76,16384,3.240506329113924
77,77,16384,4.571428571428571
78,78,16384,5.069306930693069
79,79,16384,5.12
80,80,16384,3.657142857142857
81,81,16384,4.529720763063312
82,82,16384,5.224489795918367
83,83,16384,5.019607843137255
84,84,16384,3.5804195804195804
85,85,16384,4.302521008403361
86,86,16384,4.876190476190477
87,87,16384,5.278350515463917
88,88,16384,3.5310344827586206
89,89,16384,4.530973451327434
90,90,16384,4.970873786407767
91,91,16384,5.019607843137255
92,92,16384,3.5310344827586206
93,93,16384,4.529720763063312
94,94,16384,5.224489795918367
95,95,16384,5.019607843137255
96,96,16384,3.631205673758865
97,97,16384,4.530973451327434
98,98,16384,5.12
99,99,16384,4.970873786407767
100,100,16384,3.710144927536232
101,101,16384,4.337834259994705
102,102,16384,4.876190476190477
103,103,16384,5.12
104,104,16384,3.657142857142857
105,105,16384,4.162601626016261
106,106,16384,4.785046728971962
107,107,16384,5.171717171717172
108,108,16384,3.6056338028169015
109,109,16384,4.53222683264177
110,110,16384,4.876190476190477
111,111,16384,4.785046728971962
112,112,16384,3.710144927536232
113,113,16384,4.530973451327434
114,114,16384,5.22615629984051
115,115,16384,4.923076923076923
116,116,16384,3.4355210736003357
117,117,16384,4.530973451327434
118,118,16384,5.278350515463917
119,119,16384,5.021146184492798
120,120,16384,3.631205673758865
121,121,16384,4.530973451327434
122,122,16384,5.12
123,123,16384,5.278350515463917
124,124,16384,3.5310344827586206
125,125,16384,4.570153417015342
126,126,16384,5.278350515463917
127,127,16384,4.923076923076923
128,128,16384,3.710144927536232
129,129,16384,4.529720763063312
130,130,16384,4.571428571428571
131,131,16384,5.019607843137255
132,132,16384,3.5812021857923497
133,133,16384,4.452173913043478
134,134,16384,5.069306930693069
135,135,16384,5.224489795918367
136,136,16384,3.7093049581163684
137,137,16384,4.491228070175438
138,138,16384,5.224489795918367
139,139,16384,4.970873786407767
140,140,16384,3.710144927536232
141,141,16384,4.4126043630487475
142,142,16384,5.224489795918367
143,143,16384,5.019607843137255
144,144,16384,3.657142857142857
145,145,16384,4.491228070175438
146,146,16384,4.969366090385199
147,147,16384,5.222824354478801
148,148,16384,3.710144927536232
149,149,16384,4.530973451327434
150,150,16384,5.12
151,151,16384,4.876190476190477
152,152,16384,3.657142857142857
153,153,16384,4.612612612612613
154,154,16384,5.222824354478801
155,155,16384,5.069306930693069
156,156,16384,3.506849315068493
157,157,16384,4.612612612612613
158,158,16384,5.12
159,159,16384,5.278350515463917
160,160,16384,3.657142857142857
161,161,16384,4.530973451327434
162,162,16384,5.069306930693069
163,163,16384,4.876190476190477
164,164,16384,3.6056338028169015
165,165,16384,4.612612612612613
166,166,16384,5.278350515463917
167,167,16384,5.067738942158986
168,168,16384,3.631205673758865
169,169,16384,4.530973451327434
170,170,16384,4.452173913043478
171,171,16384,4.785046728971962
172,172,16384,3.6056338028169015
173,173,16384,4.571428571428571
174,174,16384,5.069306930693069
175,175,16384,5.2766505636070855
176,176,16384,3.683453237410072
177,177,16384,4.612612612612613
178,178,16384,5.278350515463917
179,179,16384,4.7407407407407405
180,180,16384,3.240506329113924
181,181,16384,4.612612612612613
182,182,16384,5.12
183,183,16384,5.019607843137255
184,184,16384,3.6056338028169015
185,185,16384,4.612612612612613
186,186,16384,5.069306930693069
187,187,16384,4.830188679245283
188,188,16384,3.657142857142857
189,189,16384,4.612612612612613
190,190,16384,5.224489795918367
191,191,16384,5.067738942158986
192,192,16384,3.657142857142857
193,193,16384,4.612612612612613
194,194,16384,5.171717171717172
195,195,16384,5.278350515463917
196,196,16384,3.5804195804195804
197,197,16384,4.612612612612613
198,198,16384,5.019607843137255
199,199,16384,5.278350515463917
200,200,16384,3.683453237410072
201,201,16384,4.654545454545454
202,202,16384,4.830188679245283
203,203,16384,5.069306930693069
204,204,16384,3.5555555555555554
205,205,16384,4.571428571428571
206,206,16384,5.12
207,207,16384,5.2766505636070855
208,208,16384,3.5547841180299415
209,209,16384,4.612612612612613
210,210,16384,5.12
211,211,16384,5.222824354478801
212,212,16384,3.683453237410072
213,213,16384,4.571428571428571
214,214,16384,5.278350515463917
215,215,16384,5.069306930693069
216,216,16384,3.506098865824952
217,217,16384,4.612612612612613
218,218,16384,5.069306930693069
219,219,16384,5.278350515463917
220,220,16384,3.657142857142857
221,221,16384,4.613911574204449
222,222,16384,5.118400499843799
223,223,16384,5.224489795918367
224,224,16384,3.683453237410072
225,225,16384,4.654545454545454
226,226,16384,5.224489795918367
227,227,16384,5.069306930693069
228,228,16384,3.6563267127873242
229,229,16384,4.612612612612613
230,230,16384,5.069306930693069
231,231,16384,5.278350515463917
232,232,16384,3.631205673758865
233,233,16384,4.612612612612613
234,234,16384,5.069306930693069
235,235,16384,5.12
236,236,16384,3.5555555555555554
237,237,16384,4.611314382212215
238,238,16384,5.224489795918367
239,239,16384,4.7407407407407405
240,240,16384,3.240506329113924
241,241,16384,4.03050430504305
242,242,16384,5.069306930693069
243,243,16384,5.278350515463917
244,244,16384,3.6056338028169015
245,245,16384,4.612612612612613
246,246,16384,5.067738942158986
247,247,16384,5.278350515463917
248,248,16384,3.683453237410072
249,249,16384,4.612612612612613
250,250,16384,5.170085200378669
251,251,16384,5.069306930693069
252,252,16384,3.6563267127873242
253,253,16384,4.571428571428571
254,254,16384,5.118400499843799
255,255,16384,5.278350515463917
256,256,16384,3.5555555555555554
257,257,16384,4.613911574204449
258,258,16384,5.069306930693069
259,259,16384,4.923076923076923
260,260,16384,3.683453237410072
261,261,16384,4.491228070175438
262,262,16384,5.222824354478801
263,263,16384,5.019607843137255
264,264,16384,3.5555555555555554
265,265,16384,4.612612612612613
266,266,16384,5.019607843137255
267,267,16384,5.278350515463917
268,268,16384,3.6056338028169015
269,269,16384,4.612612612612613
270,270,16384,5.019607843137255
271,271,16384,5.278350515463917
272,272,16384,3.4829931972789114
273,273,16384,4.611314382212215
274,274,16384,4.570153417015342
275,275,16384,4.970873786407767
276,276,16384,3.303225806451613
277,277,16384,4.491228070175438
278,278,16384,5.018070444104135
279,279,16384,4.697247706422019
280,280,16384,3.657142857142857
281,281,16384,4.452173913043478
282,282,16384,5.067738942158986
283,283,16384,5.278350515463917
284,284,16384,3.3684210526315788
285,285,16384,4.530973451327434
286,286,16384,5.278350515463917
287,287,16384,4.876190476190477
288,288,16384,3.6056338028169015
289,289,16384,4.491228070175438
290,290,16384,5.17335017366593
291,291,16384,5.019607843137255
292,292,16384,3.657142857142857
293,293,16384,4.530973451327434
294,294,16384,5.067738942158986
295,295,16384,5.278350515463917
296,296,16384,3.710144927536232
297,297,16384,4.530973451327434
298,298,16384,5.224489795918367
299,299,16384,4.785046728971962
300,300,16384,3.5804195804195804
301,301,16384,4.530973451327434
302,302,16384,5.224489795918367
303,303,16384,5.019607843137255
304,304,16384,3.631205673758865
305,305,16384,4.529720763063312
306,306,16384,5.069306930693069
307,307,16384,5.224489795918367
308,308,16384,3.7093049581163684
309,309,16384,4.491228070175438
310,310,16384,4.969366090385199
311,311,16384,5.019607843137255
312,312,16384,3.657142857142857
313,313,16384,4.491228070175438
314,314,16384,5.224489795918367
315,315,16384,4.831613093482749
316,316,16384,3.6056338028169015
317,317,16384,4.231404958677686
318,318,16384,4.923076923076923
319,319,16384,5.222824354478801
320,320,16384,3.631205673758865
321,321,16384,4.491228070175438
322,322,16384,5.224489795918367
323,323,16384,5.019607843137255
324,324,16384,3.710144927536232
325,325,16384,4.530973451327434
326,326,16384,5.224489795918367
327,327,16384,5.019607843137255
328,328,16384,3.5310344827586206
329,329,16384,4.571428571428571
330,330,16384,5.019607843137255
331,331,16384,5.224489795918367
332,332,16384,3.631205673758865
333,333,16384,4.452173913043478
334,334,16384,4.876190476190477
335,335,16384,5.019607843137255
336,336,16384,3.683453237410072
337,337,16384,4.491228070175438
338,338,16384,5.12
339,339,16384,5.019607843137255
340,340,16384,3.631205673758865
341,341,16384,4.491228070175438
342,342,16384,5.070875889817394
343,343,16384,5.278350515463917
344,344,16384,3.7093049581163684
345,345,16384,4.491228070175438
346,346,16384,5.224489795918367
347,347,16384,4.830188679245283
348,348,16384,3.631205673758865
349,349,16384,4.530973451327434
350,350,16384,5.222824354478801
351,351,16384,4.970873786407767
352,352,16384,3.657142857142857
353,353,16384,4.571428571428571
354,354,16384,5.12
355,355,16384,4.876190476190477
356,356,16384,3.7372262773722627
357,357,16384,4.530973451327434
358,358,16384,5.278350515463917
359,359,16384,4.653223516046578
360,360,16384,3.683453237410072
361,361,16384,4.302521008403361
362,362,16384,5.224489795918367
363,363,16384,4.972382397572079
364,364,16384,3.324675324675325
365,365,16384,4.530973451327434
366,366,16384,4.923076923076923
367,367,16384,5.224489795918367
368,368,16384,3.7372262773722627
369,369,16384,4.530973451327434
370,370,16384,4.830188679245283
371,371,16384,4.969366090385199
372,372,16384,3.631205673758865
373,373,16384,4.491228070175438
374,374,16384,5.278350515463917
375,375,16384,4.830188679245283
376,376,16384,3.5555555555555554
377,377,16384,4.491228070175438
378,378,16384,5.069306930693069
379,379,16384,5.278350515463917
380,380,16384,3.7372262773722627
381,381,16384,4.530973451327434
382,382,16384,5.222824354478801
383,383,16384,5.019607843137255
384,384,16384,3.657142857142857
385,385,16384,4.452173913043478
386,386,16384,4.970873786407767
387,387,16384,4.972382397572079
388,388,16384,3.631205673758865
389,389,16384,4.1279919375157474
390,390,16384,5.067738942158986
391,391,16384,4.7407407407407405
392,392,16384,3.4829931972789114
393,393,16384,4.491228070175438
394,394,16384,5.224489795918367
395,395,16384,4.970873786407767
396,396,16384,3.5555555555555554
397,397,16384,4.530973451327434
398,398,16384,5.278350515463917
399,399,16384,4.970873786407767
400,400,16384,4.031496062992126
401,401,16384,4.924556657649534
402,402,16384,5.171717171717172
403,403,16384,4.830188679245283
404,404,16384,3.4822529224229544
405,405,16384,4.452173913043478
406,406,16384,4.970873786407767
407,407,16384,5.070875889817394
408,408,16384,3.657142857142857
409,409,16384,4.338983050847458
410,410,16384,5.171717171717172
411,411,16384,5.019607843137255
412,412,16384,3.683453237410072
413,413,16384,4.3760683760683765
414,414,16384,4.969366090385199
415,415,16384,5.019607843137255
416,416,16384,3.5804195804195804
417,417,16384,4.302521008403361
418,418,16384,4.970873786407767
419,419,16384,5.171717171717172
420,420,16384,3.683453237410072
421,421,16384,4.3760683760683765
422,422,16384,5.17335017366593
423,423,16384,5.019607843137255
424,424,16384,3.5804195804195804
425,425,16384,4.3760683760683765
426,426,16384,5.224489795918367
427,427,16384,4.970873786407767
428,428,16384,3.5804195804195804
429,429,16384,4.489997259523157
430,430,16384,4.969366090385199
431,431,16384,5.019607843137255
432,432,16384,3.631205673758865
433,433,16384,4.53222683264177
434,434,16384,4.923076923076923
435,435,16384,4.876190476190477
436,436,16384,3.5804195804195804
437,437,16384,4.529720763063312
438,438,16384,5.069306930693069
439,439,16384,5.12
440,440,16384,3.324675324675325
441,441,16384,4.530973451327434
442,442,16384,4.969366090385199
443,443,16384,5.224489795918367
444,444,16384,3.631205673758865
445,445,16384,4.572704437622105
446,446,16384,4.530973451327434
447,447,16384,5.12
448,448,16384,3.6048404840484047
449,449,16384,4.301391441323182
450,450,16384,5.171717171717172
451,451,16384,5.17335017366593
452,452,16384,3.631205673758865
453,453,16384,4.571428571428571
454,454,16384,4.970873786407767
455,455,16384,5.070875889817394
456,456,16384,3.6056338028169015
457,457,16384,4.570153417015342
458,458,16384,5.019607843137255
459,459,16384,5.224489795918367
460,460,16384,3.4829931972789114
461,461,16384,4.530973451327434
462,462,16384,4.876190476190477
463,463,16384,5.12
464,464,16384,3.631205673758865
465,465,16384,4.530973451327434
466,466,16384,4.129032258064516
467,467,16384,4.923076923076923
468,468,16384,3.631205673758865
469,469,16384,4.571428571428571
470,470,16384,5.12
471,471,16384,5.171717171717172
472,472,16384,3.6056338028169015
473,473,16384,4.491228070175438
474,474,16384,4.785046728971962
475,475,16384,5.12
476,476,16384,3.6056338028169015
477,477,16384,4.612612612612613
478,478,16384,4.876190476190477
479,479,16384,4.921598077500751
480,480,16384,3.5310344827586206
481,481,16384,4.3760683760683765
482,482,16384,5.069306930693069
483,483,16384,5.171717171717172
484,484,16384,3.6056338028169015
485,485,16384,4.571428571428571
486,486,16384,4.739369395429563
487,487,16384,5.171717171717172
488,488,16384,3.5804195804195804
489,489,16384,4.571428571428571
490,490,16384,5.019607843137255
491,491,16384,4.970873786407767
492,492,16384,3.6048404840484047
493,493,16384,4.612612612612613
494,494,16384,5.12
495,495,16384,4.785046728971962
496,496,16384,3.683453237410072
497,497,16384,4.530973451327434
498,498,16384,5.222824354478801
499,499,16384,5.069306930693069
500,500,16384,3.4829931972789114
501,501,16384,4.529720763063312
502,502,16384,5.019607843137255
503,503,16384,5.019607843137255
504,504,16384,3.657142857142857
505,505,16384,4.337834259994705
506,506,16384,5.171717171717172
507,507,16384,5.224489795918367
508,508,16384,3.710144927536232
509,509,16384,4.492459555799287
510,510,16384,5.224489795918367
511,511,16384,5.17335017366593
512,512,16384,3.506849315068493
513,513,16384,4.571428571428571
514,514,16384,4.970873786407767
515,515,16384,5.069306930693069
516,516,16384,3.390728476821192
517,517,16384,4.612612612612613
518,518,16384,5.12
519,519,16384,5.171717171717172
520,520,16384,3.710144927536232
521,521,16384,4.654545454545454
522,522,16384,5.224489795918367
523,523,16384,5.069306930693069
524,524,16384,3.34708886618999
525,525,16384,4.654545454545454
526,526,16384,5.019607843137255
527,527,16384,5.171717171717172
528,528,16384,3.6056338028169015
529,529,16384,4.612612612612613
530,530,16384,4.571428571428571
531,531,16384,5.224489795918367
532,532,16384,3.6842815381155836
533,533,16384,4.612612612612613
534,534,16384,5.224489795918367
535,535,16384,5.171717171717172
536,536,16384,3.5310344827586206
537,537,16384,4.571428571428571
538,538,16384,4.970873786407767
539,539,16384,5.12
540,540,16384,3.631205673758865
541,541,16384,4.611314382212215
542,542,16384,5.12
543,543,16384,5.170085200378669
544,544,16384,3.657142857142857
545,545,16384,4.571428571428571
546,546,16384,4.923076923076923
547,547,16384,4.785046728971962
548,548,16384,3.657142857142857
549,549,16384,4.612612612612613
550,550,16384,5.019607843137255
551,551,16384,5.224489795918367
552,552,16384,3.631205673758865
553,553,16384,4.413793103448276
554,554,16384,4.302521008403361
555,555,16384,4.830188679245283
556,556,16384,3.710144927536232
557,557,16384,4.612612612612613
558,558,16384,4.830188679245283
559,559,16384,5.069306930693069
560,560,16384,3.631205673758865
561,561,16384,4.3760683760683765
562,562,16384,5.224489795918367
563,563,16384,5.224489795918367
564,564,16384,3.303225806451613
565,565,16384,4.530973451327434
566,566,16384,5.019607843137255
567,567,16384,5.170085200378669
568,568,16384,3.631205673758865
569,569,16384,4.377237510018702
570,570,16384,5.171717171717172
571,571,16384,5.069306930693069
572,572,16384,3.6826253090582153
573,573,16384,4.571428571428571
574,574,16384,4.830188679245283
575,575,16384,5.019607843137255
576,576,16384,3.657142857142857
577,577,16384,4.530973451327434
578,578,16384,4.970873786407767
579,579,16384,4.654545454545454
580,580,16384,3.683453237410072
581,581,16384,4.530973451327434
582,582,16384,5.224489795918367
583,583,16384,5.070875889817394
584,584,16384,3.34640522875817
585,585,16384,4.530973451327434
586,586,16384,5.224489795918367
587,587,16384,5.069306930693069
588,588,16384,3.631205673758865
589,589,16384,4.530973451327434
590,590,16384,4.923076923076923
591,591,16384,5.224489795918367
592,592,16384,3.683453237410072
593,593,16384,4.266666666666667
594,594,16384,5.171717171717172
595,595,16384,5.069306930693069
596,596,16384,3.7093049581163684
597,597,16384,4.302521008403361
598,598,16384,5.224489795918367
599,599,16384,4.828765104627173
600,600,16384,3.657142857142857
601,601,16384,4.530973451327434
602,602,16384,4.970873786407767
603,603,16384,5.224489795918367
604,604,16384,3.683453237410072
605,605,16384,4.491228070175438
606,606,16384,5.224489795918367
607,607,16384,5.12
608,608,16384,3.710144927536232
609,609,16384,4.530973451327434
610,610,16384,5.12
611,611,16384,5.069306930693069
612,612,16384,3.5310344827586206
613,613,16384,4.530973451327434
614,614,16384,5.019607843137255
615,615,16384,5.224489795918367
616,616,16384,3.5547841180299415
617,617,16384,4.530973451327434
618,618,16384,5.171717171717172
619,619,16384,5.019607843137255
620,620,16384,3.657142857142857
621,621,16384,4.489997259523157
622,622,16384,5.17335017366593
623,623,16384,4.7407407407407405
624,624,16384,3.5804195804195804
625,625,16384,4.491228070175438
626,626,16384,5.069306930693069
627,627,16384,4.921598077500751
628,628,16384,3.683453237410072
629,629,16384,4.530973451327434
630,630,16384,5.171717171717172
631,631,16384,4.785046728971962
632,632,16384,3.710144927536232
633,633,16384,4.571428571428571
634,634,16384,5.224489795918367
635,635,16384,5.12
636,636,16384,3.6056338028169015
637,637,16384,4.530973451327434
638,638,16384,4.876190476190477
639,639,16384,5.171717171717172
640,640,16384,3.683453237410072
641,641,16384,4.571428571428571
642,642,16384,5.224489795918367
643,643,16384,4.491228070175438
644,644,16384,3.683453237410072
645,645,16384,4.530973451327434
646,646,16384,4.785046728971962
647,647,16384,5.067738942158986
648,648,16384,3.5310344827586206
649,649,16384,4.491228070175438
650,650,16384,4.876190476190477
651,651,16384,5.224489795918367
652,652,16384,3.683453237410072
653,653,16384,4.571428571428571
654,654,16384,5.171717171717172
655,655,16384,4.970873786407767
656,656,16384,3.710144927536232
657,657,16384,4.491228070175438
658,658,16384,4.783649635036497
659,659,16384,4.970873786407767
660,660,16384,3.631205673758865
661,661,16384,4.530973451327434
662,662,16384,5.019607843137255
663,663,16384,5.224489795918367
664,664,16384,3.6056338028169015
665,665,16384,4.530973451327434
666,666,16384,5.222824354478801
667,667,16384,4.697247706422019
668,668,16384,3.4594594594594597
669,669,16384,4.572704437622105
670,670,16384,5.170085200378669
671,671,16384,4.970873786407767
672,672,16384,3.6056338028169015
673,673,16384,4.53222683264177
674,674,16384,5.019607843137255
675,675,16384,5.224489795918367
676,676,16384,3.710144927536232
677,677,16384,4.491228070175438
678,678,16384,4.830188679245283
679,679,16384,4.7407407407407405
680,680,16384,3.6826253090582153
681,681,16384,4.530973451327434
682,682,16384,5.224489795918367
683,683,16384,5.019607843137255
684,684,16384,3.2
685,685,16384,4.571428571428571
686,686,16384,5.069306930693069
687,687,16384,5.12
688,688,16384,3.5310344827586206
689,689,16384,4.654545454545454
690,690,16384,4.231404958677686
691,691,16384,5.171717171717172
692,692,16384,3.657142857142857
693,693,16384,4.530973451327434
694,694,16384,5.069306930693069
695,695,16384,5.222824354478801
696,696,16384,3.6056338028169015
697,697,16384,4.571428571428571
698,698,16384,5.224489795918367
699,699,16384,5.019607843137255
700,700,16384,3.5555555555555554
701,701,16384,4.530973451327434
702,702,16384,5.170085200378669
703,703,16384,5.069306930693069
704,704,16384,3.6304010635940616
705,705,16384,4.530973451327434
706,706,16384,4.923076923076923
707,707,16384,4.697247706422019
708,708,16384,3.5547841180299415
709,709,16384,4.530973451327434
710,710,16384,5.278350515463917
711,711,16384,5.019607843137255
712,712,16384,3.631205673758865
713,713,16384,4.530973451327434
714,714,16384,5.171717171717172
715,715,16384,4.969366090385199
716,716,16384,3.324675324675325
717,717,16384,4.530973451327434
718,718,16384,4.923076923076923
719,719,16384,5.069306930693069
720,720,16384,3.683453237410072
721,721,16384,4.491228070175438
722,722,16384,5.22615629984051
723,723,16384,4.7407407407407405
724,724,16384,3.631205673758865
725,725,16384,3.9083969465648853
726,726,16384,5.171717171717172
727,727,16384,5.069306930693069
728,728,16384,3.657142857142857
729,729,16384,4.265555844832075
730,730,16384,5.069306930693069
731,731,16384,5.019607843137255
732,732,16384,3.4133333333333336
733,733,16384,4.096
734,734,16384,5.224489795918367
735,735,16384,5.019607843137255
736,736,16384,3.683453237410072
737,737,16384,3.8208955223880596
738,738,16384,5.224489795918367
739,739,16384,4.7407407407407405
740,740,16384,3.631205673758865
741,741,16384,4.491228070175438
742,742,16384,4.970873786407767
743,743,16384,5.224489795918367
744,744,16384,3.5547841180299415
745,745,16384,4.530973451327434
746,746,16384,4.876190476190477
747,747,16384,5.069306930693069
748,748,16384,3.710144927536232
749,749,16384,4.491228070175438
750,750,16384,5.171717171717172
751,751,16384,5.067738942158986
752,752,16384,3.6304010635940616
753,753,16384,4.491228070175438
754,754,16384,4.924556657649534
755,755,16384,5.224489795918367
756,756,16384,3.6056338028169015
757,757,16384,4.53222683264177
758,758,16384,5.224489795918367
759,759,16384,5.019607843137255
760,760,16384,3.5804195804195804
761,761,16384,4.452173913043478
762,762,16384,5.224489795918367
763,763,16384,5.069306930693069
764,764,16384,3.506849315068493
765,765,16384,4.491228070175438
766,766,16384,4.970873786407767
767,767,16384,4.970873786407767
768,768,16384,3.683453237410072
769,769,16384,4.491228070175438
770,770,16384,5.17335017366593
771,771,16384,5.019607843137255
772,772,16384,3.710144927536232
773,773,16384,4.530973451327434
774,774,16384,4.876190476190477
775,775,16384,5.019607843137255
776,776,16384,3.5555555555555554
777,777,16384,4.530973451327434
778,778,16384,5.019607843137255
779,779,16384,5.222824354478801
780,780,16384,3.683453237410072
781,781,16384,4.489997259523157
782,782,16384,5.171717171717172
783,783,16384,4.413793103448276
784,784,16384,3.683453237410072
785,785,16384,4.571428571428571
786,786,16384,5.278350515463917
787,787,16384,5.069306930693069
788,788,16384,3.657142857142857
789,789,16384,4.303651168899396
790,790,16384,5.069306930693069
791,791,16384,5.224489795918367
792,792,16384,3.710144927536232
793,793,16384,4.530973451327434
794,794,16384,5.224489795918367
795,795,16384,5.069306930693069
796,796,16384,3.683453237410072
797,797,16384,4.530973451327434
798,798,16384,5.222824354478801
799,799,16384,4.7407407407407405
800,800,16384,3.631205673758865
801,801,16384,4.492459555799287
802,802,16384,4.970873786407767
803,803,16384,5.22615629984051
804,804,16384,3.683453237410072
805,805,16384,4.489997259523157
806,806,16384,4.923076923076923
807,807,16384,5.069306930693069
808,808,16384,3.683453237410072
809,809,16384,4.491228070175438
810,810,16384,5.171717171717172
811,811,16384,4.785046728971962
812,812,16384,3.6056338028169015
813,813,16384,4.530973451327434
814,814,16384,4.970873786407767
815,815,16384,5.069306930693069
816,816,16384,3.631205673758865
817,817,16384,4.302521008403361
818,818,16384,5.069306930693069
819,819,16384,4.612612612612613
820,820,16384,3.6056338028169015
821,821,16384,4.491228070175438
822,822,16384,5.070875889817394
823,823,16384,5.069306930693069
824,824,16384,3.657142857142857
825,825,16384,4.654545454545454
826,826,16384,5.069306930693069
827,827,16384,5.019607843137255
828,828,16384,3.5804195804195804
829,829,16384,4.529720763063312
830,830,16384,5.069306930693069
831,831,16384,5.222824354478801
832,832,16384,3.683453237410072
833,833,16384,4.491228070175438
834,834,16384,4.830188679245283
835,835,16384,4.413793103448276
836,836,16384,3.6056338028169015
837,837,16384,4.611314382212215
838,838,16384,5.069306930693069
839,839,16384,5.224489795918367
840,840,16384,3.5804195804195804
841,841,16384,4.612612612612613
842,842,16384,5.12
843,843,16384,5.12
844,844,16384,3.683453237410072
845,845,16384,4.612612612612613
846,846,16384,5.224489795918367
847,847,16384,5.12
848,848,16384,3.631205673758865
849,849,16384,4.530973451327434
850,850,16384,5.067738942158986
851,851,16384,5.12
852,852,16384,3.6056338028169015
853,853,16384,4.529720763063312
854,854,16384,5.12
855,855,16384,5.171717171717172
856,856,16384,3.5812021857923497
857,857,16384,4.612612612612613
858,858,16384,5.171717171717172
859,859,16384,5.019607843137255
860,860,16384,3.5310344827586206
861,861,16384,4.530973451327434
862,862,16384,5.069306930693069
863,863,16384,5.224489795918367
864,864,16384,3.631205673758865
865,865,16384,4.529720763063312
866,866,16384,5.12
867,867,16384,5.171717171717172
868,868,16384,3.6056338028169015
869,869,16384,4.530973451327434
870,870,16384,5.069306930693069
871,871,16384,4.697247706422019
872,872,16384,3.6056338028169015
873,873,16384,4.491228070175438
874,874,16384,4.970873786407767
875,875,16384,4.830188679245283
876,876,16384,3.5310344827586206
877,877,16384,4.530973451327434
878,878,16384,5.069306930693069
879,879,16384,4.830188679245283
880,880,16384,3.5555555555555554
881,881,16384,4.491228070175438
882,882,16384,5.170085200378669
883,883,16384,4.923076923076923
884,884,16384,3.34640522875817
885,885,16384,4.162601626016261
886,886,16384,5.019607843137255
887,887,16384,5.170085200378669
888,888,16384,3.5555555555555554
889,889,16384,4.571428571428571
890,890,16384,5.069306930693069
891,891,16384,5.224489795918367
892,892,16384,3.683453237410072
893,893,16384,4.529720763063312
894,894,16384,5.171717171717172
895,895,16384,5.12
896,896,16384,3.4594594594594597
897,897,16384,4.340132450331126
898,898,16384,4.452173913043478
899,899,16384,5.069306930693069
900,900,16384,3.4822529224229544
901,901,16384,4.530973451327434
902,902,16384,5.069306930693069
903,903,16384,5.224489795918367
904,904,16384,3.631205673758865
905,905,16384,4.612612612612613
906,906,16384,5.224489795918367
907,907,16384,5.12
908,908,16384,3.631205673758865
909,909,16384,4.530973451327434
910,910,16384,5.018070444104135
911,911,16384,5.224489795918367
912,912,16384,3.657142857142857
913,913,16384,4.612612612612613
914,914,16384,5.12
915,915,16384,5.224489795918367
916,916,16384,3.4355210736003357
917,917,16384,4.491228070175438
918,918,16384,5.224489795918367
919,919,16384,5.069306930693069
920,920,16384,3.631205673758865
921,921,16384,4.491228070175438
922,922,16384,5.019607843137255
923,923,16384,4.53222683264177
924,924,16384,3.631205673758865
925,925,16384,4.301391441323182
926,926,16384,4.970873786407767
927,927,16384,4.785046728971962
928,928,16384,3.6056338028169015
929,929,16384,4.571428571428571
930,930,16384,5.171717171717172
931,931,16384,5.12
932,932,16384,3.4829931972789114
933,933,16384,4.19672131147541
934,934,16384,5.019607843137255
935,935,16384,5.069306930693069
936,936,16384,3.631205673758865
937,937,16384,4.302521008403361
938,938,16384,5.069306930693069
939,939,16384,5.171717171717172
940,940,16384,3.4822529224229544
941,941,16384,4.338983050847458
942,942,16384,5.12
943,943,16384,5.12
944,944,16384,3.6056338028169015
945,945,16384,4.612612612612613
946,946,16384,4.970873786407767
947,947,16384,4.785046728971962
948,948,16384,3.657142857142857
949,949,16384,4.612612612612613
950,950,16384,5.12
951,951,16384,4.970873786407767
952,952,16384,3.657142857142857
953,953,16384,4.654545454545454
954,954,16384,5.171717171717172
955,955,16384,5.17335017366593
956,956,16384,3.579637317019882
957,957,16384,4.612612612612613
958,958,16384,4.162601626016261
959,959,16384,4.7407407407407405
960,960,16384,3.4829931972789114
961,961,16384,4.413793103448276
962,962,16384,4.7407407407407405
963,963,16384,5.224489795918367
964,964,16384,3.324675324675325
965,965,16384,4.611314382212215
966,966,16384,5.224489795918367
967,967,16384,5.069306930693069
968,968,16384,3.657142857142857
969,969,16384,4.612612612612613
970,970,16384,5.019607843137255
971,971,16384,5.12
972,972,16384,3.4594594594594597
973,973,16384,4.571428571428571
974,974,16384,5.12
975,975,16384,4.7407407407407405
976,976,16384,3.5804195804195804
977,977,16384,4.612612612612613
978,978,16384,5.224489795918367
979,979,16384,5.12
980,980,16384,3.631205673758865
981,981,16384,4.612612612612613
982,982,16384,5.069306930693069
983,983,16384,5.224489795918367
984,984,16384,3.631205673758865
985,985,16384,4.612612612612613
986,986,16384,5.118400499843799
987,987,16384,5.224489795918367
988,988,16384,3.710144927536232
989,989,16384,4.491228070175438
990,990,16384,5.171717171717172
991,991,16384,5.12
992,992,16384,3.657142857142857
993,993,16384,4.612612612612613
994,994,16384,5.069306930693069
995,995,16384,4.876190476190477
996,996,16384,3.657142857142857
997,997,16384,4.612612612612613
998,998,16384,4.830188679245283
999,999,16384,5.171717171717172
1000,1000,16384,3.1411042944785277
1001,1001,16384,4.491228070175438
1002,1002,16384,4.970873786407767
1003,1003,16384,5.12
1004,1004,16384,3.506098865824952
1005,1005,16384,4.612612612612613
1006,1006,16384,5.069306930693069
1007,1007,16384,5.019607843137255
1008,1008,16384,3.6056338028169015
1009,1009,16384,4.612612612612613
1010,1010,16384,5.069306930693069
1011,1011,16384,5.171717171717172
1012,1012,16384,3.261146496815287
1013,1013,16384,4.613911574204449
1014,1014,16384,5.019607843137255
1015,1015,16384,4.923076923076923
1016,1016,16384,3.4829931972789114
1017,1017,16384,4.612612612612613
1018,1018,16384,5.019607843137255
1019,1019,16384,5.018070444104135
1020,1020,16384,3.6056338028169015
1021,1021,16384,4.612612612612613
1022,1022,16384,5.170085200378669
1023,1023,16384,4.876190476190477
1024,1024,16384,3.710144927536232
1025,1025,16384,4.612612612612613
1026,1026,16384,4.830188679245283
1027,1027,16384,5.12
1028,1028,16384,3.683453237410072
1029,1029,16384,4.611314382212215
1030,1030,16384,5.069306930693069
1031,1031,16384,4.970873786407767
1032,1032,16384,3.657142857142857
1033,1033,16384,4.612612612612613
1034,1034,16384,5.12
1035,1035,16384,5.224489795918367
1036,1036,16384,3.657142857142857
1037,1037,16384,4.611314382212215
1038,1038,16384,5.171717171717172
1039,1039,16384,5.12
1040,1040,16384,3.631205673758865
1041,1041,16384,4.571428571428571
1042,1042,16384,4.970873786407767
1043,1043,16384,5.021146184492798
1044,1044,16384,3.6304010635940616
1045,1045,16384,4.613911574204449
1046,1046,16384,5.170085200378669
1047,1047,16384,5.224489795918367
1048,1048,16384,3.710144927536232
1049,1049,16384,4.611314382212215
1050,1050,16384,5.224489795918367
1051,1051,16384,4.970873786407767
1052,1052,16384,3.6048404840484047
1053,1053,16384,4.491228070175438
1054,1054,16384,5.019607843137255
1055,1055,16384,5.171717171717172
1056,1056,16384,3.5310344827586206
1057,1057,16384,4.530973451327434
1058,1058,16384,4.785046728971962
1059,1059,16384,5.171717171717172
1060,1060,16384,3.710144927536232
1061,1061,16384,4.19672131147541
1062,1062,16384,5.278350515463917
1063,1063,16384,5.019607843137255
1064,1064,16384,3.3684210526315788
1065,1065,16384,4.530973451327434
1066,1066,16384,4.876190476190477
1067,1067,16384,4.413793103448276
1068,1068,16384,3.5555555555555554
1069,1069,16384,4.452173913043478
1070,1070,16384,5.069306930693069
1071,1071,16384,5.224489795918367
1072,1072,16384,3.710144927536232
1073,1073,16384,4.413793103448276
1074,1074,16384,5.278350515463917
1075,1075,16384,4.830188679245283
1076,1076,16384,3.631205673758865
1077,1077,16384,4.3760683760683765
1078,1078,16384,5.171717171717172
1079,1079,16384,4.828765104627173
1080,1080,16384,3.506849315068493
1081,1081,16384,4.530973451327434
1082,1082,16384,4.231404958677686
1083,1083,16384,5.171717171717172
1084,1084,16384,3.657142857142857
1085,1085,16384,4.491228070175438
1086,1086,16384,5.222824354478801
1087,1087,16384,5.019607843137255
1088,1088,16384,3.683453237410072
1089,1089,16384,4.338983050847458
1090,1090,16384,5.224489795918367
1091,1091,16384,5.019607843137255
1092,1092,16384,3.390728476821192
1093,1093,16384,4.452173913043478
1094,1094,16384,5.019607843137255
1095,1095,16384,5.224489795918367
1096,1096,16384,3.657142857142857
1097,1097,16384,4.129032258064516
1098,1098,16384,5.171717171717172
1099,1099,16384,5.019607843137255
1100,1100,16384,3.683453237410072
1101,1101,16384,4.571428571428571
1102,1102,16384,5.278350515463917
1103,1103,16384,5.067738942158986
1104,1104,16384,3.5310344827586206
1105,1105,16384,4.530973451327434
1106,1106,16384,4.923076923076923
1107,1107,16384,5.222824354478801
1108,1108,16384,3.6563267127873242
1109,1109,16384,4.413793103448276
1110,1110,16384,5.222824354478801
1111,1111,16384,4.970873786407767
1112,1112,16384,3.683453237410072
1113,1113,16384,4.530973451327434
1114,1114,16384,5.278350515463917
1115,1115,16384,4.785046728971962
1116,1116,16384,3.5804195804195804
1117,1117,16384,4.53222683264177
1118,1118,16384,5.070875889817394
1119,1119,16384,5.224489795918367
1120,1120,16384,3.5310344827586206
1121,1121,16384,4.413793103448276
1122,1122,16384,5.171717171717172
1123,1123,16384,4.876190476190477
1124,1124,16384,3.710144927536232
1125,1125,16384,4.491228070175438
1126,1126,16384,5.171717171717172
1127,1127,16384,5.018070444104135
1128,1128,16384,3.4133333333333336
1129,1129,16384,4.491228070175438
1130,1130,16384,5.019607843137255
1131,1131,16384,5.2766505636070855
1132,1132,16384,3.631205673758865
1133,1133,16384,4.530973451327434
1134,1134,16384,5.224489795918367
1135,1135,16384,5.069306930693069
1136,1136,16384,3.683453237410072
1137,1137,16384,4.3760683760683765
1138,1138,16384,5.171717171717172
1139,1139,16384,4.970873786407767
1140,1140,16384,3.4829931972789114
1141,1141,16384,4.491228070175438
1142,1142,16384,4.970873786407767
1143,1143,16384,5.224489795918367
1144,1144,16384,3.710144927536232
1145,1145,16384,4.414982484505524
1146,1146,16384,5.019607843137255
1147,1147,16384,4.970873786407767
1148,1148,16384,3.683453237410072
1149,1149,16384,4.571428571428571
1150,1150,16384,5.22615629984051
1151,1151,16384,5.019607843137255
1152,1152,16384,3.556327327979162
1153,1153,16384,4.452173913043478
1154,1154,16384,4.970873786407767
1155,1155,16384,4.7407407407407405
1156,1156,16384,3.631205673758865
1157,1157,16384,4.413793103448276
1158,1158,16384,5.224489795918367
1159,1159,16384,4.970873786407767
1160,1160,16384,3.657142857142857
1161,1161,16384,4.491228070175438
1162,1162,16384,5.224489795918367
1163,1163,16384,5.067738942158986
1164,1164,16384,3.5804195804195804
1165,1165,16384,4.491228070175438
1166,1166,16384,4.923076923076923
1167,1167,16384,5.22615629984051
1168,1168,16384,3.6842815381155836
1169,1169,16384,4.3760683760683765
1170,1170,16384,5.278350515463917
1171,1171,16384,5.019607843137255
1172,1172,16384,3.579637317019882
1173,1173,16384,4.491228070175438
1174,1174,16384,5.12
1175,1175,16384,5.069306930693069
1176,1176,16384,3.710144927536232
1177,1177,16384,4.231404958677686
1178,1178,16384,5.170085200378669
1179,1179,16384,5.019607843137255
1180,1180,16384,3.657142857142857
1181,1181,16384,4.530973451327434
1182,1182,16384,5.069306930693069
1183,1183,16384,4.7407407407407405
1184,1184,16384,3.5310344827586206
1185,1185,16384,4.530973451327434
1186,1186,16384,4.338983050847458
1187,1187,16384,4.739369395429563
1188,1188,16384,3.657142857142857
1189,1189,16384,4.413793103448276
1190,1190,16384,5.224489795918367
1191,1191,16384,4.491228070175438
1192,1192,16384,3.6563267127873242
1193,1193,16384,4.571428571428571
1194,1194,16384,5.224489795918367
1195,1195,16384,5.019607843137255
1196,1196,16384,3.4355210736003357
1197,1197,16384,4.452173913043478
1198,1198,16384,5.018070444104135
1199,1199,16384,5.224489795918367
1200,1200,16384,3.683453237410072
1201,1201,16384,4.413793103448276
1202,1202,16384,5.278350515463917
1203,1203,16384,5.019607843137255
1204,1204,16384,3.683453237410072
1205,1205,16384,4.530973451327434
1206,1206,16384,5.171717171717172
1207,1207,16384,5.019607843137255
1208,1208,16384,3.6056338028169015
1209,1209,16384,4.452173913043478
1210,1210,16384,5.019607843137255
1211,1211,16384,5.224489795918367
1212,1212,16384,3.5804195804195804
1213,1213,16384,4.338983050847458
1214,1214,16384,5.171717171717172
1215,1215,16384,4.970873786407767
1216,1216,16384,3.683453237410072
1217,1217,16384,4.571428571428571
1218,1218,16384,5.224489795918367
1219,1219,16384,5.019607843137255
1220,1220,16384,3.4829931972789114
1221,1221,16384,4.338983050847458
1222,1222,16384,4.7407407407407405
1223,1223,16384,4.7407407407407405
1224,1224,16384,3.683453237410072
1225,1225,16384,4.3760683760683765
1226,1226,16384,5.278350515463917
1227,1227,16384,5.019607843137255
1228,1228,16384,3.5310344827586206
1229,1229,16384,4.530973451327434
1230,1230,16384,5.278350515463917
1231,1231,16384,5.069306930693069
1232,1232,16384,3.506849315068493
1233,1233,16384,4.530973451327434
1234,1234,16384,4.969366090385199
1235,1235,16384,4.876190476190477
1236,1236,16384,3.6056338028169015
1237,1237,16384,4.3760683760683765
1238,1238,16384,5.070875889817394
1239,1239,16384,5.019607843137255
1240,1240,16384,3.683453237410072
1241,1241,16384,4.452173913043478
1242,1242,16384,4.785046728971962
1243,1243,16384,5.019607843137255
1244,1244,16384,3.4829931972789114
1245,1245,16384,4.452173913043478
1246,1246,16384,4.830188679245283
1247,1247,16384,5.224489795918367
1248,1248,16384,3.631205673758865
1249,1249,16384,4.338983050847458
1250,1250,16384,5.224489795918367
1251,1251,16384,4.830188679245283
1252,1252,16384,3.6056338028169015
1253,1253,16384,4.530973451327434
1254,1254,16384,4.969366090385199
1255,1255,16384,5.019607843137255
1256,1256,16384,3.506849315068493
1257,1257,16384,4.491228070175438
1258,1258,16384,5.019607843137255
1259,1259,16384,5.224489795918367
1260,1260,16384,3.506849315068493
1261,1261,16384,4.338983050847458
1262,1262,16384,4.742112879884226
1263,1263,16384,4.302521008403361
1264,1264,16384,3.657142857142857
1265,1265,16384,4.530973451327434
1266,1266,16384,5.224489795918367
1267,1267,16384,5.019607843137255
1268,1268,16384,3.5547841180299415
1269,1269,16384,4.302521008403361
1270,1270,16384,4.923076923076923
1271,1271,16384,5.171717171717172
1272,1272,16384,3.683453237410072
1273,1273,16384,4.338983050847458
1274,1274,16384,5.222824354478801
1275,1275,16384,5.019607843137255
1276,1276,16384,3.631205673758865
1277,1277,16384,4.654545454545454
1278,1278,16384,5.069306930693069
1279,1279,16384,5.069306930693069
1280,1280,16384,3.5804195804195804
1281,1281,16384,4.302521008403361
1282,1282,16384,5.12
1283,1283,16384,5.171717171717172
1284,1284,16384,3.6056338028169015
1285,1285,16384,4.612612612612613
1286,1286,16384,5.224489795918367
1287,1287,16384,5.12
1288,1288,16384,3.5310344827586206
1289,1289,16384,4.612612612612613
1290,1290,16384,5.019607843137255
1291,1291,16384,5.069306930693069
1292,1292,16384,3.5555555555555554
1293,1293,16384,4.413793103448276
1294,1294,16384,5.070875889817394
1295,1295,16384,5.224489795918367
1296,1296,16384,3.683453237410072
1297,1297,16384,4.612612612612613
1298,1298,16384,5.170085200378669
1299,1299,16384,5.069306930693069
1300,1300,16384,3.657142857142857
1301,1301,16384,4.491228070175438
1302,1302,16384,5.019607843137255
1303,1303,16384,4.785046728971962
1304,1304,16384,3.631205673758865
1305,1305,16384,4.530973451327434
1306,1306,16384,4.923076923076923
1307,1307,16384,5.224489795918367
1308,1308,16384,3.1801242236024843
1309,1309,16384,4.530973451327434
1310,1310,16384,5.224489795918367
1311,1311,16384,5.069306930693069
1312,1312,16384,3.506098865824952
1313,1313,16384,4.530973451327434
1314,1314,16384,5.224489795918367
1315,1315,16384,5.019607843137255
1316,1316,16384,3.5555555555555554
1317,1317,16384,4.530973451327434
1318,1318,16384,4.970873786407767
1319,1319,16384,5.224489795918367
1320,1320,16384,3.5555555555555554
1321,1321,16384,4.19672131147541
1322,1322,16384,5.171717171717172
1323,1323,16384,5.069306930693069
1324,1324,16384,3.6304010635940616
1325,1325,16384,4.530973451327434
1326,1326,16384,5.224489795918367
1327,1327,16384,5.019607843137255
1328,1328,16384,3.631205673758865
1329,1329,16384,4.530973451327434
1330,1330,16384,4.876190476190477
1331,1331,16384,5.2766505636070855
1332,1332,16384,3.6056338028169015
1333,1333,16384,4.530973451327434
1334,1334,16384,5.224489795918367
1335,1335,16384,5.069306930693069
1336,1336,16384,3.6842815381155836
1337,1337,16384,4.571428571428571
1338,1338,16384,5.224489795918367
1339,1339,16384,4.970873786407767
1340,1340,16384,3.657142857142857
1341,1341,16384,4.530973451327434
1342,1342,16384,4.876190476190477
1343,1343,16384,5.170085200378669
1344,1344,16384,3.710144927536232
1345,1345,16384,4.491228070175438
1346,1346,16384,5.222824354478801
1347,1347,16384,5.069306930693069
1348,1348,16384,3.7093049581163684
1349,1349,16384,4.530973451327434
1350,1350,16384,5.224489795918367
1351,1351,16384,5.019607843137255
1352,1352,16384,3.657142857142857
1353,1353,16384,4.530973451327434
1354,1354,16384,4.923076923076923
1355,1355,16384,5.224489795918367
1356,1356,16384,3.303225806451613
1357,1357,16384,4.530973451327434
1358,1358,16384,5.224489795918367
1359,1359,16384,4.970873786407767
1360,1360,16384,3.4594594594594597
1361,1361,16384,4.530973451327434
1362,1362,16384,5.171717171717172
1363,1363,16384,4.923076923076923
1364,1364,16384,3.5804195804195804
1365,1365,16384,4.491228070175438
1366,1366,16384,4.923076923076923
1367,1367,16384,5.224489795918367
1368,1368,16384,3.683453237410072
1369,1369,16384,4.491228070175438
1370,1370,16384,5.224489795918367
1371,1371,16384,5.069306930693069
1372,1372,16384,3.5555555555555554
1373,1373,16384,4.530973451327434
1374,1374,16384,4.876190476190477
1375,1375,16384,4.3760683760683765
1376,1376,16384,3.6056338028169015
1377,1377,16384,4.338983050847458
1378,1378,16384,5.12
1379,1379,16384,5.224489795918367
1380,1380,16384,3.683453237410072
1381,1381,16384,4.491228070175438
1382,1382,16384,5.171717171717172
1383,1383,16384,5.069306930693069
1384,1384,16384,3.683453237410072
1385,1385,16384,4.530973451327434
1386,1386,16384,4.828765104627173
1387,1387,16384,4.876190476190477
1388,1388,16384,3.5310344827586206
1389,1389,16384,4.491228070175438
1390,1390,16384,5.069306930693069
1391,1391,16384,5.224489795918367
1392,1392,16384,3.710144927536232
1393,1393,16384,4.491228070175438
1394,1394,16384,5.224489795918367
1395,1395,16384,5.019607843137255
1396,1396,16384,3.683453237410072
1397,1397,16384,4.571428571428571
1398,1398,16384,5.224489795918367
1399,1399,16384,5.067738942158986
1400,1400,16384,3.657142857142857
1401,1401,16384,4.529720763063312
1402,1402,16384,4.654545454545454
1403,1403,16384,5.224489795918367
1404,1404,16384,3.657142857142857
1405,1405,16384,4.491228070175438
1406,1406,16384,5.12
1407,1407,16384,5.069306930693069
1408,1408,16384,3.710144927536232
1409,1409,16384,4.571428571428571
1410,1410,16384,5.224489795918367
1411,1411,16384,4.970873786407767
1412,1412,16384,3.5310344827586206
1413,1413,16384,4.491228070175438
1414,1414,16384,4.972382397572079
1415,1415,16384,5.12
1416,1416,16384,3.261146496815287
1417,1417,16384,4.491228070175438
1418,1418,16384,5.224489795918367
1419,1419,16384,4.739369395429563
1420,1420,16384,3.6563267127873242
1421,1421,16384,4.571428571428571
1422,1422,16384,4.830188679245283
1423,1423,16384,5.069306930693069
1424,1424,16384,3.710144927536232
1425,1425,16384,4.571428571428571
1426,1426,16384,5.069306930693069
1427,1427,16384,5.069306930693069
1428,1428,16384,3.5310344827586206
1429,1429,16384,4.654545454545454
1430,1430,16384,4.924556657649534
1431,1431,16384,5.171717171717172
1432,1432,16384,3.657142857142857
1433,1433,16384,4.491228070175438
1434,1434,16384,5.069306930693069
1435,1435,16384,5.224489795918367
1436,1436,16384,3.631205673758865
1437,1437,16384,4.530973451327434
1438,1438,16384,5.224489795918367
1439,1439,16384,4.698594780613708
1440,1440,16384,3.710144927536232
1441,1441,16384,4.571428571428571
1442,1442,16384,5.224489795918367
1443,1443,16384,5.067738942158986
1444,1444,16384,3.4829931972789114
1445,1445,16384,4.491228070175438
1446,1446,16384,5.12
1447,1447,16384,5.278350515463917
1448,1448,16384,3.710144927536232
1449,1449,16384,4.530973451327434
1450,1450,16384,5.170085200378669
1451,1451,16384,5.019607843137255
1452,1452,16384,3.4594594594594597
1453,1453,16384,4.491228070175438
1454,1454,16384,4.969366090385199
1455,1455,16384,5.171717171717172
1456,1456,16384,3.5804195804195804
1457,1457,16384,4.530973451327434
1458,1458,16384,5.069306930693069
1459,1459,16384,5.278350515463917
1460,1460,16384,3.683453237410072
1461,1461,16384,4.571428571428571
1462,1462,16384,5.171717171717172
1463,1463,16384,4.923076923076923
1464,1464,16384,3.683453237410072
1465,1465,16384,4.571428571428571
1466,1466,16384,5.12
1467,1467,16384,5.067738942158986
1468,1468,16384,3.657142857142857
1469,1469,16384,4.530973451327434
1470,1470,16384,5.224489795918367
1471,1471,16384,5.278350515463917
1472,1472,16384,3.683453237410072
1473,1473,16384,4.3760683760683765
1474,1474,16384,4.970873786407767
1475,1475,16384,4.972382397572079
1476,1476,16384,3.436241610738255
1477,1477,16384,4.530973451327434
1478,1478,16384,4.874739660815234
1479,1479,16384,5.069306930693069
1480,1480,16384,3.4829931972789114
1481,1481,16384,4.491228070175438
1482,1482,16384,5.12
1483,1483,16384,5.278350515463917
1484,1484,16384,3.683453237410072
1485,1485,16384,4.031496062992126
1486,1486,16384,4.7407407407407405
1487,1487,16384,5.019607843137255
1488,1488,16384,3.710144927536232
1489,1489,16384,4.530973451327434
1490,1490,16384,4.876190476190477
1491,1491,16384,4.970873786407767
1492,1492,16384,3.4829931972789114
1493,1493,16384,4.19672131147541
1494,1494,16384,5.171717171717172
1495,1495,16384,5.224489795918367
1496,1496,16384,3.506849315068493
1497,1497,16384,4.530973451327434
1498,1498,16384,5.278350515463917
1499,1499,16384,4.266666666666667
1500,1500,16384,3.683453237410072
1501,1501,16384,4.530973451327434
1502,1502,16384,5.224489795918367
1503,1503,16384,5.019607843137255
1504,1504,16384,3.5804195804195804
1505,1505,16384,4.489997259523157
1506,1506,16384,5.12
1507,1507,16384,5.278350515463917
1508,1508,16384,3.683453237410072
1509,1509,16384,4.530973451327434
1510,1510,16384,5.224489795918367
1511,1511,16384,5.12
1512,1512,16384,3.710144927536232
1513,1513,16384,4.530973451327434
1514,1514,16384,5.224489795918367
1515,1515,16384,4.970873786407767
1516,1516,16384,3.5310344827586206
1517,1517,16384,4.266666666666667
1518,1518,16384,4.3760683760683765
1519,1519,16384,4.830188679245283
1520,1520,16384,3.683453237410072
1521,1521,16384,4.491228070175438
1522,1522,16384,5.171717171717172
1523,1523,16384,4.972382397572079
1524,1524,16384,3.6056338028169015
1525,1525,16384,4.571428571428571
1526,1526,16384,5.278350515463917
1527,1527,16384,4.970873786407767
1528,1528,16384,3.5310344827586206
1529,1529,16384,4.530973451327434
1530,1530,16384,4.876190476190477
1531,1531,16384,5.278350515463917
1532,1532,16384,3.631205673758865
1533,1533,16384,4.530973451327434
1534,1534,16384,5.171717171717172
1535,1535,16384,5.12
1536,1536,16384,3.683453237410072
1537,1537,16384,4.491228070175438
1538,1538,16384,5.069306930693069
1539,1539,16384,5.019607843137255
1540,1540,16384,3.6056338028169015
1541,1541,16384,4.530973451327434
1542,1542,16384,5.12
1543,1543,16384,5.278350515463917
1544,1544,16384,3.657142857142857
1545,1545,16384,4.530973451327434
1546,1546,16384,5.222824354478801
1547,1547,16384,4.970873786407767
1548,1548,16384,3.710144927536232
1549,1549,16384,4.492459555799287
1550,1550,16384,5.171717171717172
1551,1551,16384,5.019607843137255
1552,1552,16384,3.631205673758865
1553,1553,16384,4.530973451327434
1554,1554,16384,5.019607843137255
1555,1555,16384,5.019607843137255
1556,1556,16384,3.710144927536232
1557,1557,16384,4.302521008403361
1558,1558,16384,5.070875889817394
1559,1559,16384,5.019607843137255
1560,1560,16384,3.710144927536232
1561,1561,16384,4.230312419313194
1562,1562,16384,5.171717171717172
1563,1563,16384,5.069306930693069
1564,1564,16384,3.657142857142857
1565,1565,16384,4.571428571428571
1566,1566,16384,5.019607843137255
1567,1567,16384,4.7407407407407405
1568,1568,16384,3.6304010635940616
1569,1569,16384,4.612612612612613
1570,1570,16384,5.069306930693069
1571,1571,16384,5.278350515463917
1572,1572,16384,3.683453237410072
1573,1573,16384,4.612612612612613
1574,1574,16384,5.171717171717172
1575,1575,16384,5.019607843137255
1576,1576,16384,3.261146496815287
1577,1577,16384,4.611314382212215
1578,1578,16384,5.019607843137255
1579,1579,16384,4.876190476190477
1580,1580,16384,3.436241610738255
1581,1581,16384,4.571428571428571
1582,1582,16384,5.069306930693069
1583,1583,16384,5.224489795918367
1584,1584,16384,3.6320106406561736
1585,1585,16384,4.530973451327434
1586,1586,16384,4.876190476190477
1587,1587,16384,5.069306930693069
1588,1588,16384,3.657142857142857
1589,1589,16384,4.530973451327434
1590,1590,16384,5.069306930693069
1591,1591,16384,5.278350515463917
1592,1592,16384,3.631205673758865
1593,1593,16384,4.612612612612613
1594,1594,16384,4.970873786407767
1595,1595,16384,5.224489795918367
1596,1596,16384,3.657142857142857
1597,1597,16384,4.612612612612613
1598,1598,16384,4.876190476190477
1599,1599,16384,5.069306930693069
1600,1600,16384,3.657142857142857
1601,1601,16384,4.612612612612613
1602,1602,16384,4.921598077500751
1603,1603,16384,5.019607843137255
1604,1604,16384,3.1801242236024843
1605,1605,16384,4.491228070175438
1606,1606,16384,5.067738942158986
1607,1607,16384,5.22615629984051
1608,1608,16384,3.4594594594594597
1609,1609,16384,4.611314382212215
1610,1610,16384,5.171717171717172
1611,1611,16384,5.019607843137255
1612,1612,16384,3.631205673758865
1613,1613,16384,4.612612612612613
1614,1614,16384,4.923076923076923
1615,1615,16384,5.224489795918367
1616,1616,16384,3.4133333333333336
1617,1617,16384,4.612612612612613
1618,1618,16384,5.019607843137255
1619,1619,16384,5.224489795918367
1620,1620,16384,3.657142857142857
1621,1621,16384,4.612612612612613
1622,1622,16384,5.171717171717172
1623,1623,16384,5.069306930693069
1624,1624,16384,3.657142857142857
1625,1625,16384,4.612612612612613
1626,1626,16384,5.019607843137255
1627,1627,16384,5.224489795918367
1628,1628,16384,3.5555555555555554
1629,1629,16384,4.612612612612613
1630,1630,16384,5.069306930693069
1631,1631,16384,5.222824354478801
1632,1632,16384,3.631205673758865
1633,1633,16384,4.654545454545454
1634,1634,16384,4.876190476190477
1635,1635,16384,5.069306930693069
1636,1636,16384,3.4133333333333336
1637,1637,16384,4.571428571428571
1638,1638,16384,5.070875889817394
1639,1639,16384,5.224489795918367
1640,1640,16384,3.657142857142857
1641,1641,16384,4.571428571428571
1642,1642,16384,5.067738942158986
1643,1643,16384,5.224489795918367
1644,1644,16384,3.5804195804195804
1645,1645,16384,4.612612612612613
1646,1646,16384,5.171717171717172
1647,1647,16384,4.413793103448276
1648,1648,16384,3.631205673758865
1649,1649,16384,4.570153417015342
1650,1650,16384,4.970873786407767
1651,1651,16384,5.224489795918367
1652,1652,16384,3.657142857142857
1653,1653,16384,4.612612612612613
1654,1654,16384,5.018070444104135
1655,1655,16384,5.170085200378669
1656,1656,16384,3.5804195804195804
1657,1657,16384,4.413793103448276
1658,1658,16384,4.7407407407407405
1659,1659,16384,5.070875889817394
1660,1660,16384,3.657142857142857
1661,1661,16384,4.492459555799287
1662,1662,16384,5.019607843137255
1663,1663,16384,5.224489795918367
1664,1664,16384,3.631205673758865
1665,1665,16384,4.612612612612613
1666,1666,16384,5.067738942158986
1667,1667,16384,5.224489795918367
1668,1668,16384,3.683453237410072
1669,1669,16384,4.612612612612613
1670,1670,16384,5.171717171717172
1671,1671,16384,4.697247706422019
1672,1672,16384,3.631205673758865
1673,1673,16384,4.4126043630487475
1674,1674,16384,5.019607843137255
1675,1675,16384,5.278350515463917
1676,1676,16384,3.220125786163522
1677,1677,16384,4.571428571428571
1678,1678,16384,5.067738942158986
1679,1679,16384,5.278350515463917
1680,1680,16384,3.7093049581163684
1681,1681,16384,4.654545454545454
1682,1682,16384,5.019607843137255
1683,1683,16384,5.12
1684,1684,16384,3.631205673758865
1685,1685,16384,4.530973451327434
1686,1686,16384,4.970873786407767
1687,1687,16384,5.224489795918367
1688,1688,16384,3.6056338028169015
1689,1689,16384,4.452173913043478
1690,1690,16384,5.069306930693069
1691,1691,16384,5.222824354478801
1692,1692,16384,3.6056338028169015
1693,1693,16384,4.53222683264177
1694,1694,16384,4.096
1695,1695,16384,5.021146184492798
1696,1696,16384,3.683453237410072
1697,1697,16384,4.491228070175438
1698,1698,16384,5.278350515463917
1699,1699,16384,4.785046728971962
1700,1700,16384,3.631205673758865
1701,1701,16384,4.491228070175438
1702,1702,16384,5.12
1703,1703,16384,5.224489795918367
1704,1704,16384,3.5555555555555554
1705,1705,16384,4.571428571428571
1706,1706,16384,5.278350515463917
1707,1707,16384,5.019607843137255
1708,1708,16384,3.5804195804195804
1709,1709,16384,4.530973451327434
1710,1710,16384,5.278350515463917
1711,1711,16384,5.019607843137255
1712,1712,16384,3.5555555555555554
1713,1713,16384,4.571428571428571
1714,1714,16384,5.171717171717172
1715,1715,16384,4.923076923076923
1716,1716,16384,3.683453237410072
1717,1717,16384,4.414982484505524
1718,1718,16384,5.224489795918367
1719,1719,16384,5.069306930693069
1720,1720,16384,3.683453237410072
1721,1721,16384,4.491228070175438
1722,1722,16384,4.923076923076923
1723,1723,16384,5.019607843137255
1724,1724,16384,3.631205673758865
1725,1725,16384,4.530973451327434
1726,1726,16384,5.170085200378669
1727,1727,16384,5.278350515463917
1728,1728,16384,3.5555555555555554
1729,1729,16384,4.530973451327434
1730,1730,16384,5.069306930693069
1731,1731,16384,5.019607843137255
1732,1732,16384,3.6826253090582153
1733,1733,16384,4.491228070175438
1734,1734,16384,5.278350515463917
1735,1735,16384,5.019607843137255
1736,1736,16384,3.6304010635940616
1737,1737,16384,4.530973451327434
1738,1738,16384,5.12
1739,1739,16384,5.222824354478801
1740,1740,16384,3.6826253090582153
1741,1741,16384,4.491228070175438
1742,1742,16384,5.224489795918367
1743,1743,16384,5.019607843137255
1744,1744,16384,3.436241610738255
1745,1745,16384,4.530973451327434
1746,1746,16384,5.278350515463917
1747,1747,16384,4.972382397572079
1748,1748,16384,3.631205673758865
1749,1749,16384,4.529720763063312
1750,1750,16384,5.069306930693069
1751,1751,16384,5.224489795918367
1752,1752,16384,3.710144927536232
1753,1753,16384,4.529720763063312
1754,1754,16384,5.171717171717172
1755,1755,16384,4.7407407407407405
1756,1756,16384,3.683453237410072
1757,1757,16384,4.530973451327434
1758,1758,16384,5.069306930693069
1759,1759,16384,4.7407407407407405
1760,1760,16384,3.6056338028169015
1761,1761,16384,4.53222683264177
1762,1762,16384,5.069306930693069
1763,1763,16384,5.278350515463917
1764,1764,16384,3.683453237410072
1765,1765,16384,4.491228070175438
1766,1766,16384,5.224489795918367
1767,1767,16384,4.830188679245283
1768,1768,16384,3.6056338028169015
1769,1769,16384,4.491228070175438
1770,1770,16384,4.53222683264177
1771,1771,16384,5.019607843137255
1772,1772,16384,3.506849315068493
1773,1773,16384,4.529720763063312
1774,1774,16384,4.876190476190477
1775,1775,16384,5.224489795918367
1776,1776,16384,3.506098865824952
1777,1777,16384,4.530973451327434
1778,1778,16384,5.070875889817394
1779,1779,16384,4.923076923076923
1780,1780,16384,3.657142857142857
1781,1781,16384,4.530973451327434
1782,1782,16384,5.224489795918367
1783,1783,16384,5.019607843137255
1784,1784,16384,3.6056338028169015
1785,1785,16384,4.530973451327434
1786,1786,16384,5.069306930693069
1787,1787,16384,5.278350515463917
1788,1788,16384,3.6056338028169015
1789,1789,16384,4.491228070175438
1790,1790,16384,5.069306930693069
1791,1791,16384,5.019607843137255
